lon lat z
61.25 16.25 164.0493774414062
61.25 16.75 62.44691467285156
61.25 17.25 0
61.25 17.75 -41.27901077270508
61.25 18.25 -49.98765563964844
61.25 18.75 -46
61.25 19.25 -71.1283950805664
61.25 19.75 -100
61.25 20.25 -122
61.25 20.75 -75.15555572509766
61.25 21.25 -14.06172847747803
61.25 21.75 31.01570701599121
61.25 22.25 47.22921371459961
61.25 22.75 95.45596313476562
61.25 23.25 122.1950073242188
61.25 23.75 97.63740539550781
61.25 24.25 109.8138198852539
61.25 24.75 100
61.25 25.25 157.9410247802734
61.25 25.75 111.3855514526367
61.25 26.25 83
61.25 26.75 99.44197845458984
61.25 27.25 89.22222137451172
61.25 27.75 99.77777862548828
61.25 28.25 76
61.25 28.75 87.82716369628906
61.25 29.25 80
61.25 29.75 36.83950805664062
61.25 30.25 4
61.25 30.75 4
61.25 31.25 4
61.25 31.75 4
61.25 32.25 70
61.25 32.75 57.77777862548828
61.25 33.25 94.22222137451172
61.25 33.75 139.4444427490234
61.25 34.25 141.1382751464844
61.25 34.75 50
61.25 35.25 75
61.25 35.75 33
61.25 36.25 33
61.25 36.75 98.06666564941406
61.25 37.25 183.7234497070312
61.25 37.75 212.7777709960938
61.25 38.25 160
61.25 38.75 117
61.25 39.25 162.2222290039062
61.75 16.25 157.0098724365234
61.75 16.75 154.7091369628906
61.75 17.25 59.0444450378418
61.75 17.75 -62.29530715942383
61.75 18.25 -72
61.75 18.75 -21.84444427490234
61.75 19.25 -58
61.75 19.75 -84.8804931640625
61.75 20.25 -125.924446105957
61.75 20.75 -75.66666412353516
61.75 21.25 -17.48888969421387
61.75 21.75 39.26666641235352
61.75 22.25 79.9111099243164
61.75 22.75 126.9555587768555
61.75 23.25 93.4233169555664
61.75 23.75 95
61.75 24.25 162.3028717041016
61.75 24.75 99.45841217041016
61.75 25.25 114.3686065673828
61.75 25.75 98.34624481201172
61.75 26.25 94
61.75 26.75 98
61.75 27.25 106
61.75 27.75 78.1718521118164
61.75 28.25 76
61.75 28.75 76
61.75 29.25 76
61.75 29.75 100
61.75 30.25 92.27802276611328
61.75 30.75 38.9555549621582
61.75 31.25 80.01728057861328
61.75 31.75 99
61.75 32.25 88.95555877685547
61.75 32.75 116.9269104003906
61.75 33.25 90
61.75 33.75 100.0444412231445
61.75 34.25 178.2890167236328
61.75 34.75 33
61.75 35.25 33
61.75 35.75 33
61.75 36.25 63.96049499511719
61.75 36.75 45.0444450378418
61.75 37.25 120.0888900756836
61.75 37.75 120
61.75 38.25 190
61.75 38.75 134
61.75 39.25 103.9980239868164
62.25 16.25 440.0148010253906
62.25 16.75 178
62.25 17.25 52.71555709838867
62.25 17.75 -32.47041702270508
62.25 18.25 -82.17630004882812
62.25 18.75 -85
62.25 19.25 -85
62.25 19.75 -101.8859252929688
62.25 20.25 -106
62.25 20.75 -59.15555572509766
62.25 21.25 -6.300205707550049
62.25 21.75 49.0977783203125
62.25 22.25 163.0888824462891
62.25 22.75 142.0770416259766
62.25 23.25 143.3644409179688
62.25 23.75 131.8592529296875
62.25 24.25 175
62.25 24.75 131.5599975585938
62.25 25.25 140.8666687011719
62.25 25.75 92.19999694824219
62.25 26.25 93.82221984863281
62.25 26.75 149.1333312988281
62.25 27.25 123
62.25 27.75 99.86666870117188
62.25 28.25 76.86666870117188
62.25 28.75 75.22222137451172
62.25 29.25 83.94666290283203
62.25 29.75 82.07703399658203
62.25 30.25 88.9674072265625
62.25 30.75 103
62.25 31.25 168.0888824462891
62.25 31.75 169.1333312988281
62.25 32.25 150
62.25 32.75 160
62.25 33.25 143
62.25 33.75 71
62.25 34.25 70
62.25 34.75 33
62.25 35.25 60
62.25 35.75 33
62.25 36.25 139
62.25 36.75 136
62.25 37.25 112.7555541992188
62.25 37.75 101
62.25 38.25 98.65333557128906
62.25 38.75 184
62.25 39.25 140
62.75 16.25 282.6049499511719
62.75 16.75 199.9165496826172
62.75 17.25 309.2222290039062
62.75 17.75 208.6809844970703
62.75 18.25 -53.05040740966797
62.75 18.75 -115.7476806640625
62.75 19.25 -170.1870880126953
62.75 19.75 -91.59313201904297
62.75 20.25 -59.66776657104492
62.75 20.75 -13.38702201843262
62.75 21.25 15.68888854980469
62.75 21.75 41
62.75 22.25 141.3111114501953
62.75 22.75 76
62.75 23.25 114
62.75 23.75 150.6222229003906
62.75 24.25 185
62.75 24.75 194.3111114501953
62.75 25.25 179.022216796875
62.75 25.75 114.6222229003906
62.75 26.25 124.325927734375
62.75 26.75 98
62.75 27.25 120
62.75 27.75 82
62.75 28.25 113.4083938598633
62.75 28.75 120
62.75 29.25 79
62.75 29.75 87
62.75 30.25 163.5145721435547
62.75 30.75 165.5807342529297
62.75 31.25 161.3111114501953
62.75 31.75 166
62.75 32.25 203.6325988769531
62.75 32.75 200
62.75 33.25 170
62.75 33.75 169.6888885498047
62.75 34.25 99.31111145019531
62.75 34.75 33
62.75 35.25 68.15555572509766
62.75 35.75 128.7787628173828
62.75 36.25 149.6987609863281
62.75 36.75 169
62.75 37.25 188
62.75 37.75 194.5111083984375
62.75 38.25 152.6888885498047
62.75 38.75 165.9111175537109
62.75 39.25 169.3111114501953
63.25 16.25 374.130859375
63.25 16.75 151.0227203369141
63.25 17.25 199.1985168457031
63.25 17.75 310.7367858886719
63.25 18.25 92.70568084716797
63.25 18.75 37.86666488647461
63.25 19.25 -30.71440887451172
63.25 19.75 -119.178596496582
63.25 20.25 -67.04997253417969
63.25 20.75 -11.810622215271
63.25 21.25 -0.00272430619224906
63.25 21.75 0
63.25 22.25 1
63.25 22.75 36
63.25 23.25 70
63.25 23.75 90
63.25 24.25 159.30419921875
63.25 24.75 188.4088897705078
63.25 25.25 150
63.25 25.75 141.022216796875
63.25 26.25 112.6444473266602
63.25 26.75 118.7501220703125
63.25 27.25 112.1298751831055
63.25 27.75 140
63.25 28.25 97.55555725097656
63.25 28.75 190.6024627685547
63.25 29.25 99
63.25 29.75 94
63.25 30.25 180
63.25 30.75 167.9881439208984
63.25 31.25 238.8320922851562
63.25 31.75 211
63.25 32.25 182.7718505859375
63.25 32.75 220.3293762207031
63.25 33.25 135
63.25 33.75 120
63.25 34.25 117
63.25 34.75 130
63.25 35.25 131.7392578125
63.25 35.75 149.65234375
63.25 36.25 185
63.25 36.75 180
63.25 37.25 196
63.25 37.75 201
63.25 38.25 141
63.25 38.75 50
63.25 39.25 52.9555549621582
63.75 16.25 301.5925903320312
63.75 16.75 209.4370422363281
63.75 17.25 352.5555419921875
63.75 17.75 297.7259216308594
63.75 18.25 365.9703674316406
63.75 18.75 253.6666717529297
63.75 19.25 219.5629577636719
63.75 19.75 61.41481399536133
63.75 20.25 15.80000019073486
63.75 20.75 -24.86080551147461
63.75 21.25 -39.99300765991211
63.75 21.75 -44.17927932739258
63.75 22.25 -29.24570655822754
63.75 22.75 6
63.75 23.25 20
63.75 23.75 77
63.75 24.25 108.3777770996094
63.75 24.75 119
63.75 25.25 101.3333358764648
63.75 25.75 160
63.75 26.25 136
63.75 26.75 133
63.75 27.25 119.4148178100586
63.75 27.75 141.0444488525391
63.75 28.25 196.6666717529297
63.75 28.75 141.4074096679688
63.75 29.25 164.3999938964844
63.75 29.75 199.0518493652344
63.75 30.25 178
63.75 30.75 198.3333282470703
63.75 31.25 261
63.75 31.75 220.2888946533203
63.75 32.25 219
63.75 32.75 141.7851867675781
63.75 33.25 126.9407424926758
63.75 33.75 139.3333282470703
63.75 34.25 100
63.75 34.75 100
63.75 35.25 109
63.75 35.75 159
63.75 36.25 80
63.75 36.75 80
63.75 37.25 40
63.75 37.75 15
63.75 38.25 33
63.75 38.75 25.88888931274414
63.75 39.25 25.71111106872559
64.25 16.25 398.8123474121094
64.25 16.75 356.4222106933594
64.25 17.25 341.1866760253906
64.25 17.75 349.5333251953125
64.25 18.25 359.1906127929688
64.25 18.75 258.8444519042969
64.25 19.25 252.3111114501953
64.25 19.75 288.8597412109375
64.25 20.25 182.0800018310547
64.25 20.75 97.47457122802734
64.25 21.25 -6.87586498260498
64.25 21.75 -80.92314910888672
64.25 22.25 -105.2688903808594
64.25 22.75 -59.34795379638672
64.25 23.25 -33.79623413085938
64.25 23.75 -6.934001445770264
64.25 24.25 40
64.25 24.75 70.15555572509766
64.25 25.25 140
64.25 25.75 84.15555572509766
64.25 26.25 110
64.25 26.75 138
64.25 27.25 122
64.25 27.75 164.7096252441406
64.25 28.25 187.1555480957031
64.25 28.75 184
64.25 29.25 220
64.25 29.75 168
64.25 30.25 230
64.25 30.75 245.2118530273438
64.25 31.25 189
64.25 31.75 162
64.25 32.25 181.7718505859375
64.25 32.75 145.8666687011719
64.25 33.25 127.8444442749023
64.25 33.75 108
64.25 34.25 73
64.25 34.75 59
64.25 35.25 28.92740821838379
64.25 35.75 31.31111145019531
64.25 36.25 -13.33560085296631
64.25 36.75 -13.06167316436768
64.25 37.25 -12.54129123687744
64.25 37.75 -11.63474655151367
64.25 38.25 119
64.25 38.75 120
64.25 39.25 134.1111145019531
64.75 16.25 348.8493957519531
64.75 16.75 400
64.75 17.25 526
64.75 17.75 412.8958129882812
64.75 18.25 316.0558166503906
64.75 18.75 296.34814453125
64.75 19.25 258
64.75 19.75 359.7782592773438
64.75 20.25 250.7288818359375
64.75 20.75 46.0444450378418
64.75 21.25 31.60000038146973
64.75 21.75 -66.41542053222656
64.75 22.25 -103.7875595092773
64.75 22.75 -77.99252319335938
64.75 23.25 -69.01300048828125
64.75 23.75 -38.6090087890625
64.75 24.25 -13.55619716644287
64.75 24.75 20
64.75 25.25 48
64.75 25.75 24
64.75 26.25 67.37777709960938
64.75 26.75 132
64.75 27.25 158
64.75 27.75 175.1555480957031
64.75 28.25 247.0444488525391
64.75 28.75 162.1506195068359
64.75 29.25 209.9866638183594
64.75 29.75 227
64.75 30.25 193.3111114501953
64.75 30.75 172.9555511474609
64.75 31.25 186.9333343505859
64.75 31.75 110
64.75 32.25 108
64.75 32.75 119.9777755737305
64.75 33.25 119
64.75 33.75 93.02222442626953
64.75 34.25 67.04049682617188
64.75 34.75 5.02222204208374
64.75 35.25 -13.29917049407959
64.75 35.75 -8.149932861328125
64.75 36.25 -11.5499439239502
64.75 36.75 87.71259307861328
64.75 37.25 90.75555419921875
64.75 37.75 98.95555877685547
64.75 38.25 -20.78692436218262
64.75 38.75 -0.001345921074971557
64.75 39.25 -21.85980796813965
65.25 16.25 557.95556640625
65.25 16.75 348
65.25 17.25 543.066650390625
65.25 17.75 476.2444458007812
65.25 18.25 364
65.25 18.75 325.7999877929688
65.25 19.25 300
65.25 19.75 326.2000122070312
65.25 20.25 319.7999877929688
65.25 20.75 300.7244567871094
65.25 21.25 61.2661018371582
65.25 21.75 -0.1610161662101746
65.25 22.25 -20.72565269470215
65.25 22.75 -26.31417083740234
65.25 23.25 -71.615966796875
65.25 23.75 -31.77572250366211
65.25 24.25 -12.40601062774658
65.25 24.75 -4.695065021514893
65.25 25.25 -0.835904061794281
65.25 25.75 48
65.25 26.25 119
65.25 26.75 109.60888671875
65.25 27.25 120
65.25 27.75 207.2266693115234
65.25 28.25 253.8000030517578
65.25 28.75 258
65.25 29.25 213.8000030517578
65.25 29.75 240.0311126708984
65.25 30.25 168.5111083984375
65.25 30.75 141.6666717529297
65.25 31.25 141.7111053466797
65.25 31.75 140
65.25 32.25 140
65.25 32.75 138.0711059570312
65.25 33.25 110
65.25 33.75 90.5999984741211
65.25 34.25 43.20000076293945
65.25 34.75 -8.91830825805664
65.25 35.25 -51.58598709106445
65.25 35.75 -48.53288269042969
65.25 36.25 -68.25792694091797
65.25 36.75 -49.00160980224609
65.25 37.25 -77.1311264038086
65.25 37.75 -98.78807067871094
65.25 38.25 -101.4075546264648
65.25 38.75 -99.3734359741211
65.25 39.25 -66.66082763671875
65.75 16.25 584.6271362304688
65.75 16.75 615.2888793945312
65.75 17.25 403.3777770996094
65.75 17.75 495.8286437988281
65.75 18.25 420
65.75 18.75 520.5481567382812
65.75 19.25 436
65.75 19.75 335.3777770996094
65.75 20.25 261
65.75 20.75 292.6222229003906
65.75 21.25 96.65428924560547
65.75 21.75 0
65.75 22.25 48.61756134033203
65.75 22.75 26.0775318145752
65.75 23.25 0.6222222447395325
65.75 23.75 0
65.75 24.25 1
65.75 24.75 28
65.75 25.25 44.37777709960938
65.75 25.75 106
65.75 26.25 138.6222229003906
65.75 26.75 128.1846923828125
65.75 27.25 204.9841918945312
65.75 27.75 278.0726013183594
65.75 28.25 328.8113708496094
65.75 28.75 273.7654418945312
65.75 29.25 263.7555541992188
65.75 29.75 259.04443359375
65.75 30.25 305.1333312988281
65.75 30.75 203.1111145019531
65.75 31.25 119.9160461425781
65.75 31.75 109
65.75 32.25 115.0459289550781
65.75 32.75 88
65.75 33.25 80
65.75 33.75 79
65.75 34.25 47.24444580078125
65.75 34.75 0
65.75 35.25 -57.17813873291016
65.75 35.75 -166.1466217041016
65.75 36.25 -211.5874786376953
65.75 36.75 -192.0027465820312
65.75 37.25 -129.5011138916016
65.75 37.75 -106.4527740478516
65.75 38.25 -88.08285522460938
65.75 38.75 -69.09497833251953
65.75 39.25 -55.30557632446289
66.25 16.25 750.2222290039062
66.25 16.75 468.5555419921875
66.25 17.25 443.4444580078125
66.25 17.75 543.4716186523438
66.25 18.25 627.6221923828125
66.25 18.75 470
66.25 19.25 590
66.25 19.75 521.8765258789062
66.25 20.25 259
66.25 20.75 193.6123504638672
66.25 21.25 232.6419677734375
66.25 21.75 51
66.25 22.25 256.8271484375
66.25 22.75 93.88888549804688
66.25 23.25 126.1481475830078
66.25 23.75 67.55555725097656
66.25 24.25 107.9333343505859
66.25 24.75 76.11111450195312
66.25 25.25 73.44866180419922
66.25 25.75 113.3325729370117
66.25 26.25 198.5258636474609
66.25 26.75 166
66.25 27.25 185.6222229003906
66.25 27.75 309.0740661621094
66.25 28.25 250
66.25 28.75 260.3456726074219
66.25 29.25 249
66.25 29.75 146.7555541992188
66.25 30.25 316
66.25 30.75 113.9703674316406
66.25 31.25 109.3950653076172
66.25 31.75 112
66.25 32.25 132.5555572509766
66.25 32.75 75.6395034790039
66.25 33.25 54.0987663269043
66.25 33.75 41.22222137451172
66.25 34.25 -135.2192840576172
66.25 34.75 -211.3034057617188
66.25 35.25 -176.6111907958984
66.25 35.75 -99.37379455566406
66.25 36.25 -36.19727325439453
66.25 36.75 -10.16912746429443
66.25 37.25 45
66.25 37.75 114
66.25 38.25 140.1777801513672
66.25 38.75 126
66.25 39.25 125
66.75 16.25 1024.244384765625
66.75 16.75 1470.367431640625
66.75 17.25 474
66.75 17.75 700.9215087890625
66.75 18.25 422
66.75 18.75 515.066650390625
66.75 19.25 282
66.75 19.75 401.3836975097656
66.75 20.25 365.4800109863281
66.75 20.75 377
66.75 21.25 395.7481384277344
66.75 21.75 323.6755676269531
66.75 22.25 248.3985137939453
66.75 22.75 173.1333312988281
66.75 23.25 179
66.75 23.75 173.6296234130859
66.75 24.25 118.2666702270508
66.75 24.75 121.533332824707
66.75 25.25 164.3331909179688
66.75 25.75 143.7662963867188
66.75 26.25 139.5015869140625
66.75 26.75 241.3363037109375
66.75 27.25 240
66.75 27.75 179.7333374023438
66.75 28.25 211.6888885498047
66.75 28.75 239.7333374023438
66.75 29.25 319.1199951171875
66.75 29.75 285.5303649902344
66.75 30.25 172.7333374023438
66.75 30.75 114.2355575561523
66.75 31.25 196.9037017822266
66.75 31.75 37
66.75 32.25 78.87555694580078
66.75 32.75 1.466666698455811
66.75 33.25 -50.14964294433594
66.75 33.75 -7.603887557983398
66.75 34.25 41
66.75 34.75 113.533332824707
66.75 35.25 116
66.75 35.75 127.2118530273438
66.75 36.25 136.7629699707031
66.75 36.75 148
66.75 37.25 168
66.75 37.75 165.5333404541016
66.75 38.25 194.2933349609375
66.75 38.75 252.0370330810547
66.75 39.25 206.2548217773438
67.25 16.25 926
67.25 16.75 829.8809814453125
67.25 17.25 1200.635498046875
67.25 17.75 911.195068359375
67.25 18.25 1049.9990234375
67.25 18.75 969.1629638671875
67.25 19.25 556.933349609375
67.25 19.75 471.2888793945312
67.25 20.25 447.0888977050781
67.25 20.75 592.7333374023438
67.25 21.25 432.1160583496094
67.25 21.75 446.8459167480469
67.25 22.25 218.1698760986328
67.25 22.75 177.0888824462891
67.25 23.25 160
67.25 23.75 146
67.25 24.25 203
67.25 24.75 179.1822204589844
67.25 25.25 187.1111145019531
67.25 25.75 268.0666809082031
67.25 26.25 255.0888824462891
67.25 26.75 176
67.25 27.25 169
67.25 27.75 269.7777709960938
67.25 28.25 183.9555511474609
67.25 28.75 214.9111175537109
67.25 29.25 234.0888824462891
67.25 29.75 260
67.25 30.25 260
67.25 30.75 261.2222290039062
67.25 31.25 420.8888854980469
67.25 31.75 377.9965515136719
67.25 32.25 155.7525939941406
67.25 32.75 153.9965362548828
67.25 33.25 207.5555572509766
67.25 33.75 80.9111099243164
67.25 34.25 122.8222198486328
67.25 34.75 217
67.25 35.25 148
67.25 35.75 261.6478881835938
67.25 36.25 231
67.25 36.75 168.0829620361328
67.25 37.25 152.0888824462891
67.25 37.75 195.8444519042969
67.25 38.25 212.3999938964844
67.25 38.75 236.1777801513672
67.25 39.25 187.3777770996094
67.75 16.25 949.3555297851562
67.75 16.75 873.545166015625
67.75 17.25 439
67.75 17.75 647.3165283203125
67.75 18.25 922.889892578125
67.75 18.75 978.022216796875
67.75 19.25 704.1195068359375
67.75 19.75 701.8666381835938
67.75 20.25 449.0888977050781
67.75 20.75 400
67.75 21.25 283.0888977050781
67.75 21.75 314
67.75 22.25 310.9111022949219
67.75 22.75 310.0888977050781
67.75 23.25 221
67.75 23.75 266.8716125488281
67.75 24.25 393.1555480957031
67.75 24.75 198.2711181640625
67.75 25.25 199.0869140625
67.75 25.75 274.1693725585938
67.75 26.25 282.1185302734375
67.75 26.75 210
67.75 27.25 220
67.75 27.75 289.95556640625
67.75 28.25 297.4666748046875
67.75 28.75 249.3999938964844
67.75 29.25 230.9111175537109
67.75 29.75 393.8888854980469
67.75 30.25 141.8444519042969
67.75 30.75 184.9392547607422
67.75 31.25 223.6444396972656
67.75 31.75 252.5333404541016
67.75 32.25 192.0888824462891
67.75 32.75 351.3777770996094
67.75 33.25 474.3841857910156
67.75 33.75 695.022216796875
67.75 34.25 149
67.75 34.75 895.6666870117188
67.75 35.25 232.1777801513672
67.75 35.75 276.0888977050781
67.75 36.25 198
67.75 36.75 216.0888824462891
67.75 37.25 274.2888793945312
67.75 37.75 240.0375366210938
67.75 38.25 226.1777801513672
67.75 38.75 175.8864135742188
67.75 39.25 248.9515991210938
68.25 16.25 -28.84703254699707
68.25 16.75 200.1985168457031
68.25 17.25 1036.30224609375
68.25 17.75 1338.4296875
68.25 18.25 976.0947875976562
68.25 18.75 1048.022216796875
68.25 19.25 1026.48291015625
68.25 19.75 343.9674072265625
68.25 20.25 497.8800048828125
68.25 20.75 574
68.25 21.25 483.5333251953125
68.25 21.75 539.7288818359375
68.25 22.25 415.7333374023438
68.25 22.75 405.5333251953125
68.25 23.25 287.2666625976562
68.25 23.75 484.977783203125
68.25 24.25 346.3555603027344
68.25 24.75 436.8666687011719
68.25 25.25 323.2725830078125
68.25 25.75 321.1555480957031
68.25 26.25 277.8666687011719
68.25 26.75 279.86962890625
68.25 27.25 282.7333374023438
68.25 27.75 288.0044555664062
68.25 28.25 271.7111206054688
68.25 28.75 154.9407348632812
68.25 29.25 152.3333282470703
68.25 29.75 282.9333190917969
68.25 30.25 198.7333374023438
68.25 30.75 168.1333312988281
68.25 31.25 133.8444519042969
68.25 31.75 274.4207458496094
68.25 32.25 209.1244506835938
68.25 32.75 299.2666625976562
68.25 33.25 141
68.25 33.75 216.0666656494141
68.25 34.25 302.108154296875
68.25 34.75 202.8444519042969
68.25 35.25 154.7333374023438
68.25 35.75 215.3437042236328
68.25 36.25 232.2666625976562
68.25 36.75 240
68.25 37.25 219.2666625976562
68.25 37.75 227
68.25 38.25 119.8533325195312
68.25 38.75 1.162962913513184
68.25 39.25 -54.099609375
68.75 16.25 72.79012298583984
68.75 16.75 -181.1132965087891
68.75 17.25 -3.331835508346558
68.75 17.75 237.21728515625
68.75 18.25 682.6049194335938
68.75 18.75 589.7036743164062
68.75 19.25 966.3110961914062
68.75 19.75 416.0987548828125
68.75 20.25 983.0888671875
68.75 20.75 693.1654052734375
68.75 21.25 484
68.75 21.75 737.0740966796875
68.75 22.25 439
68.75 22.75 460
68.75 23.25 380.8814697265625
68.75 23.75 419.7530822753906
68.75 24.25 523.543212890625
68.75 24.75 400
68.75 25.25 302.0123596191406
68.75 25.75 373.8246765136719
68.75 26.25 179.1851806640625
68.75 26.75 264.5827026367188
68.75 27.25 215.6395111083984
68.75 27.75 139.022216796875
68.75 28.25 155.4642028808594
68.75 28.75 197.9012298583984
68.75 29.25 185.022216796875
68.75 29.75 182.9678955078125
68.75 30.25 198.1580200195312
68.75 30.75 100
68.75 31.25 110.0617294311523
68.75 31.75 150
68.75 32.25 61.57036972045898
68.75 32.75 118.3555526733398
68.75 33.25 153.2098693847656
68.75 33.75 210
68.75 34.25 186
68.75 34.75 271.1111145019531
68.75 35.25 178
68.75 35.75 207.1555480957031
68.75 36.25 280.1111145019531
68.75 36.75 177.8814849853516
68.75 37.25 100.3135833740234
68.75 37.75 -76.38333129882812
68.75 38.25 -131.4434814453125
68.75 38.75 -127.5251846313477
68.75 39.25 -119.6471405029297
69.25 16.25 -350.0484313964844
69.25 16.75 -72.44925689697266
69.25 17.25 518.7214965820312
69.25 17.75 162.0602416992188
69.25 18.25 374.7111206054688
69.25 18.75 424.9925842285156
69.25 19.25 0
69.25 19.75 502.3279113769531
69.25 20.25 863.7866821289062
69.25 20.75 1001.844421386719
69.25 21.25 835.2321166992188
69.25 21.75 736.6444702148438
69.25 22.25 637.388671875
69.25 22.75 399
69.25 23.25 480.7229614257812
69.25 23.75 386.04443359375
69.25 24.25 419
69.25 24.75 293.0666809082031
69.25 25.25 329.977783203125
69.25 25.75 249.977783203125
69.25 26.25 413.977783203125
69.25 26.75 316.1333312988281
69.25 27.25 192.8666687011719
69.25 27.75 170
69.25 28.25 127.6222229003906
69.25 28.75 162.0395050048828
69.25 29.25 52
69.25 29.75 191.0666656494141
69.25 30.25 227.0923461914062
69.25 30.75 142.4918518066406
69.25 31.25 228.9111175537109
69.25 31.75 253.5333404541016
69.25 32.25 175.3081512451172
69.25 32.75 9.423210144042969
69.25 33.25 0
69.25 33.75 31.24444389343262
69.25 34.25 175.934326171875
69.25 34.75 72.82321166992188
69.25 35.25 6.355555534362793
69.25 35.75 -142.4980316162109
69.25 36.25 -191.6099395751953
69.25 36.75 -188.6553497314453
69.25 37.25 -187.8119201660156
69.25 37.75 -192.9149017333984
69.25 38.25 -194.6724548339844
69.25 38.75 -165.1921691894531
69.25 39.25 -142.8906707763672
69.75 16.25 -1139.392822265625
69.75 16.75 -232.2339935302734
69.75 17.25 -134.6915588378906
69.75 17.75 -389.1084899902344
69.75 18.25 0
69.75 18.75 601.5999755859375
69.75 19.25 201.8133392333984
69.75 19.75 -152.1138305664062
69.75 20.25 660.52001953125
69.75 20.75 178.2311096191406
69.75 21.25 49.9555549621582
69.75 21.75 516.306640625
69.75 22.25 570.5555419921875
69.75 22.75 536.3822021484375
69.75 23.25 285.4666748046875
69.75 23.75 71.15555572509766
69.75 24.25 411.2000122070312
69.75 24.75 504
69.75 25.25 248.3600006103516
69.75 25.75 340.9244384765625
69.75 26.25 177.8000030517578
69.75 26.75 269.6000061035156
69.75 27.25 312.6000061035156
69.75 27.75 380.2666625976562
69.75 28.25 237.8000030517578
69.75 28.75 196.7333374023438
69.75 29.25 120.4000015258789
69.75 29.75 0
69.75 30.25 53
69.75 30.75 153.3066711425781
69.75 31.25 -0.1240958645939827
69.75 31.75 172.6666717529297
69.75 32.25 203.9733276367188
69.75 32.75 95.32888793945312
69.75 33.25 -127.676628112793
69.75 33.75 -240.8052368164062
69.75 34.25 -166.4710540771484
69.75 34.75 -213.3314971923828
69.75 35.25 -232.9648895263672
69.75 35.75 -214.2993927001953
69.75 36.25 -172.0002136230469
69.75 36.75 -136.6526336669922
69.75 37.25 -112.6191024780273
69.75 37.75 -113.8417282104492
69.75 38.25 -122.9245758056641
69.75 38.75 -124.2256011962891
69.75 39.25 -146.0774536132812
70.25 16.25 -1976.377807617188
70.25 16.75 -1534.797729492188
70.25 17.25 -237.8074951171875
70.25 17.75 -242.6137847900391
70.25 18.25 -175.5185241699219
70.25 18.75 -47.50250244140625
70.25 19.25 -0.8984128832817078
70.25 19.75 193.8454284667969
70.25 20.25 442.8399963378906
70.25 20.75 -46.37089157104492
70.25 21.25 0
70.25 21.75 -3.296685457229614
70.25 22.25 368.7698669433594
70.25 22.75 246.6098785400391
70.25 23.25 24.30518531799316
70.25 23.75 510.9284057617188
70.25 24.25 275.0138244628906
70.25 24.75 361.0044555664062
70.25 25.25 67.88888549804688
70.25 25.75 601.8632202148438
70.25 26.25 225.1185150146484
70.25 26.75 221.0775299072266
70.25 27.25 320
70.25 27.75 220.0444488525391
70.25 28.25 41.82123565673828
70.25 28.75 303.1777648925781
70.25 29.25 183.7555541992188
70.25 29.75 496.1555480957031
70.25 30.25 170.3111114501953
70.25 30.75 -4.298293590545654
70.25 31.25 -190.5082855224609
70.25 31.75 -326.0364990234375
70.25 32.25 -284.36572265625
70.25 32.75 -159.8244171142578
70.25 33.25 -270.0947875976562
70.25 33.75 -236.8476257324219
70.25 34.25 -251.6122283935547
70.25 34.75 -251.2198486328125
70.25 35.25 -195.8970031738281
70.25 35.75 -159.3054504394531
70.25 36.25 -160.5748596191406
70.25 36.75 -173.2580871582031
70.25 37.25 -182.1441650390625
70.25 37.75 -192.5375823974609
70.25 38.25 -197.7385101318359
70.25 38.75 -201.8559417724609
70.25 39.25 -206.1077270507812
70.75 16.25 -1677.0400390625
70.75 16.75 -1176.015991210938
70.75 17.25 -351.1377258300781
70.75 17.75 -260.1439208984375
70.75 18.25 -252.0211639404297
70.75 18.75 -341.388916015625
70.75 19.25 -180.1045684814453
70.75 19.75 -177.6356658935547
70.75 20.25 -204.560546875
70.75 20.75 -230.6872711181641
70.75 21.25 -229.7981262207031
70.75 21.75 -329.0730895996094
70.75 22.25 -50.3212776184082
70.75 22.75 411.0306091308594
70.75 23.25 298.9940795898438
70.75 23.75 -0.1576083302497864
70.75 24.25 -115.0841293334961
70.75 24.75 286.6400146484375
70.75 25.25 314.4222106933594
70.75 25.75 -19.75386428833008
70.75 26.25 407.6814880371094
70.75 26.75 -159.0829162597656
70.75 27.25 21.29925918579102
70.75 27.75 2.268148183822632
70.75 28.25 -176.7859954833984
70.75 28.75 239.2222290039062
70.75 29.25 114.4755554199219
70.75 29.75 -18.51106071472168
70.75 30.25 -144.3079681396484
70.75 30.75 -385.8158264160156
70.75 31.25 -280.3426513671875
70.75 31.75 -256.7394104003906
70.75 32.25 -258.7213134765625
70.75 32.75 -243.0587005615234
70.75 33.25 -229.251708984375
70.75 33.75 -201.0336303710938
70.75 34.25 -195.7251586914062
70.75 34.75 -185.8717193603516
70.75 35.25 -155.975830078125
70.75 35.75 -162.5449981689453
70.75 36.25 -160.2366027832031
70.75 36.75 -164.0061798095703
70.75 37.25 -170.1792449951172
70.75 37.75 -198.6553802490234
70.75 38.25 -217.871826171875
70.75 38.75 -228.7201538085938
70.75 39.25 -245.7880096435547
71.25 16.25 -1285.739013671875
71.25 16.75 -598.467529296875
71.25 17.25 -298.101806640625
71.25 17.75 -253.0758514404297
71.25 18.25 -238.8173370361328
71.25 18.75 -234.9232330322266
71.25 19.25 -219.9033966064453
71.25 19.75 -208.4113616943359
71.25 20.25 -223.4500122070312
71.25 20.75 -193.2556762695312
71.25 21.25 -271.1087951660156
71.25 21.75 -306.2024841308594
71.25 22.25 -330.8633728027344
71.25 22.75 -401.6114807128906
71.25 23.25 -393.4164733886719
71.25 23.75 -363.9576721191406
71.25 24.25 -327.4072570800781
71.25 24.75 -289.5033569335938
71.25 25.25 -293.0975036621094
71.25 25.75 -316.2334289550781
71.25 26.25 -292.3407592773438
71.25 26.75 -282.4183044433594
71.25 27.25 -276.6460266113281
71.25 27.75 -282.5645446777344
71.25 28.25 -356.13330078125
71.25 28.75 -406.8451232910156
71.25 29.25 -379.3233642578125
71.25 29.75 -335.4628295898438
71.25 30.25 -307.2925720214844
71.25 30.75 -289.695556640625
71.25 31.25 -254.9895935058594
71.25 31.75 -229.0494537353516
71.25 32.25 -248.0103149414062
71.25 32.75 -261.0328674316406
71.25 33.25 -256.6050720214844
71.25 33.75 -235.8579559326172
71.25 34.25 -228.0647583007812
71.25 34.75 -188.1317596435547
71.25 35.25 -173.4884796142578
71.25 35.75 -195.0510101318359
71.25 36.25 -222.2160339355469
71.25 36.75 -238.6318511962891
71.25 37.25 -251.8550262451172
71.25 37.75 -267.5351867675781
71.25 38.25 -306.7298278808594
71.25 38.75 -336.488037109375
71.25 39.25 -352.5389404296875
71.75 16.25 -403.8783264160156
71.75 16.75 -343.232421875
71.75 17.25 -318.5443115234375
71.75 17.75 -284.5183410644531
71.75 18.25 -279.9347839355469
71.75 18.75 -268.4761657714844
71.75 19.25 -258.5495910644531
71.75 19.75 -268.1618041992188
71.75 20.25 -292.7943115234375
71.75 20.75 -328.3147888183594
71.75 21.25 -315.7157287597656
71.75 21.75 -363.7343444824219
71.75 22.25 -381.3472595214844
71.75 22.75 -383.4874572753906
71.75 23.25 -330.72607421875
71.75 23.75 -303.9494934082031
71.75 24.25 -291.7919006347656
71.75 24.75 -275.4661865234375
71.75 25.25 -266.1669616699219
71.75 25.75 -292.9671020507812
71.75 26.25 -330.5765991210938
71.75 26.75 -348.3886108398438
71.75 27.25 -353.0902099609375
71.75 27.75 -343.4277038574219
71.75 28.25 -326.7290344238281
71.75 28.75 -312.3988342285156
71.75 29.25 -311.9750671386719
71.75 29.75 -331.1009216308594
71.75 30.25 -362.5741271972656
71.75 30.75 -338.4889831542969
71.75 31.25 -325.4930114746094
71.75 31.75 -310.5441284179688
71.75 32.25 -309.9812622070312
71.75 32.75 -302.2004089355469
71.75 33.25 -293.9124450683594
71.75 33.75 -262.1965942382812
71.75 34.25 -228.0691375732422
71.75 34.75 -237.4065856933594
71.75 35.25 -254.2518463134766
71.75 35.75 -257.4932861328125
71.75 36.25 -276.882568359375
71.75 36.75 -296.1766357421875
71.75 37.25 -303.0154418945312
71.75 37.75 -331.246337890625
71.75 38.25 -346.2993774414062
71.75 38.75 -372.6041259765625
71.75 39.25 -371.4258117675781
72.25 16.25 -507.0968627929688
72.25 16.75 -382.4107666015625
72.25 17.25 -385.3272094726562
72.25 17.75 -392.9580383300781
72.25 18.25 -368.7196655273438
72.25 18.75 -356.4063720703125
72.25 19.25 -346.0563049316406
72.25 19.75 -322.6918334960938
72.25 20.25 -337.7623901367188
72.25 20.75 -341.8780822753906
72.25 21.25 -331.2107849121094
72.25 21.75 -328.7671203613281
72.25 22.25 -315.7983093261719
72.25 22.75 -295.7207641601562
72.25 23.25 -278.8089904785156
72.25 23.75 -280.915771484375
72.25 24.25 -274.0031127929688
72.25 24.75 -274.5687561035156
72.25 25.25 -269.2941284179688
72.25 25.75 -257.168212890625
72.25 26.25 -251.8525085449219
72.25 26.75 -234.2699584960938
72.25 27.25 -234.6472930908203
72.25 27.75 -264.408447265625
72.25 28.25 -289.8804931640625
72.25 28.75 -275.6639099121094
72.25 29.25 -275.789794921875
72.25 29.75 -287.6882629394531
72.25 30.25 -297.4056091308594
72.25 30.75 -297.6437377929688
72.25 31.25 -301.9124145507812
72.25 31.75 -284.7796325683594
72.25 32.25 -298.6428527832031
72.25 32.75 -280.884521484375
72.25 33.25 -285.0885314941406
72.25 33.75 -272.1347045898438
72.25 34.25 -280.8438110351562
72.25 34.75 -265.8414306640625
72.25 35.25 -232.3796997070312
72.25 35.75 -236.2474670410156
72.25 36.25 -243.8433380126953
72.25 36.75 -229.6044158935547
72.25 37.25 -236.5076751708984
72.25 37.75 -251.4614105224609
72.25 38.25 -253.3235626220703
72.25 38.75 -280.879638671875
72.25 39.25 -300.5450439453125
72.75 16.25 -428.0611267089844
72.75 16.75 -417.2462158203125
72.75 17.25 -388.6878051757812
72.75 17.75 -398.1234741210938
72.75 18.25 -379.0274963378906
72.75 18.75 -384.702880859375
72.75 19.25 -400.6961364746094
72.75 19.75 -410.34765625
72.75 20.25 -422.8384094238281
72.75 20.75 -434.3368835449219
72.75 21.25 -422.5159301757812
72.75 21.75 -419.3104858398438
72.75 22.25 -418.739501953125
72.75 22.75 -390.8976440429688
72.75 23.25 -386.8652648925781
72.75 23.75 -368.955078125
72.75 24.25 -397.6888732910156
72.75 24.75 -367.8457641601562
72.75 25.25 -323.8211364746094
72.75 25.75 -288.4090270996094
72.75 26.25 -309.5001525878906
72.75 26.75 -322.1576843261719
72.75 27.25 -307.7901306152344
72.75 27.75 -290.49267578125
72.75 28.25 -361.54541015625
72.75 28.75 -359.7054748535156
72.75 29.25 -285.4504699707031
72.75 29.75 -288.4609069824219
72.75 30.25 -287.2456359863281
72.75 30.75 -279.7159118652344
72.75 31.25 -274.7620544433594
72.75 31.75 -260.9326782226562
72.75 32.25 -273.2914733886719
72.75 32.75 -283.8147277832031
72.75 33.25 -271.9106750488281
72.75 33.75 -265.0035400390625
72.75 34.25 -232.7837371826172
72.75 34.75 -230.1302490234375
72.75 35.25 -236.4472961425781
72.75 35.75 -225.8218536376953
72.75 36.25 -215.4494476318359
72.75 36.75 -195.9569091796875
72.75 37.25 -223.3586273193359
72.75 37.75 -243.1378326416016
72.75 38.25 -262.8072814941406
72.75 38.75 -274.3037719726562
72.75 39.25 -301.9759216308594
73.25 16.25 -485.7671813964844
73.25 16.75 -487.1701965332031
73.25 17.25 -484.2376403808594
73.25 17.75 -459.5460815429688
73.25 18.25 -456.43896484375
73.25 18.75 -446.6367492675781
73.25 19.25 -456.9180603027344
73.25 19.75 -467.8377380371094
73.25 20.25 -470.61572265625
73.25 20.75 -466.5599670410156
73.25 21.25 -474.9383544921875
73.25 21.75 -463.4025268554688
73.25 22.25 -444.5124206542969
73.25 22.75 -425.0455017089844
73.25 23.25 -381.8489074707031
73.25 23.75 -405.10302734375
73.25 24.25 -408.4393615722656
73.25 24.75 -409.0963439941406
73.25 25.25 -411.7918090820312
73.25 25.75 -430.3914184570312
73.25 26.25 -443.3340148925781
73.25 26.75 -438.6375427246094
73.25 27.25 -362.1141967773438
73.25 27.75 -355.2383422851562
73.25 28.25 -353.9955749511719
73.25 28.75 -293.3063659667969
73.25 29.25 -337.7066345214844
73.25 29.75 -304.1913452148438
73.25 30.25 -338.2210998535156
73.25 30.75 -347.3075561523438
73.25 31.25 -274.6022644042969
73.25 31.75 -283.1990661621094
73.25 32.25 -274.8525695800781
73.25 32.75 -270.246826171875
73.25 33.25 -265.0835571289062
73.25 33.75 -214.3415832519531
73.25 34.25 -217.9748687744141
73.25 34.75 -244.9868927001953
73.25 35.25 -256.2737121582031
73.25 35.75 -238.1040802001953
73.25 36.25 -228.5252075195312
73.25 36.75 -229.8939056396484
73.25 37.25 -223.2020416259766
73.25 37.75 -243.6005401611328
73.25 38.25 -247.1793823242188
73.25 38.75 -241.3515930175781
73.25 39.25 -256.6979370117188
73.75 16.25 -419.4363708496094
73.75 16.75 -378.8418273925781
73.75 17.25 -368.5958251953125
73.75 17.75 -291.4845275878906
73.75 18.25 -259.8497619628906
73.75 18.75 -273.7008056640625
73.75 19.25 -292.9756469726562
73.75 19.75 -347.7835083007812
73.75 20.25 -444.6283569335938
73.75 20.75 -483.8668518066406
73.75 21.25 -507.3461608886719
73.75 21.75 -494.6687316894531
73.75 22.25 -479.5986633300781
73.75 22.75 -470.018798828125
73.75 23.25 -461.1028137207031
73.75 23.75 -461.6897888183594
73.75 24.25 -452.2088317871094
73.75 24.75 -454.4583435058594
73.75 25.25 -462.9974670410156
73.75 25.75 -457.5718078613281
73.75 26.25 -453.172607421875
73.75 26.75 -429.4009704589844
73.75 27.25 -413.3119506835938
73.75 27.75 -399.7145385742188
73.75 28.25 -394.7508850097656
73.75 28.75 -387.5841979980469
73.75 29.25 -376.9740600585938
73.75 29.75 -389.8273010253906
73.75 30.25 -389.1393432617188
73.75 30.75 -382.3547058105469
73.75 31.25 -359.0927124023438
73.75 31.75 -351.5668334960938
73.75 32.25 -310.2474670410156
73.75 32.75 -297.9307250976562
73.75 33.25 -317.8530578613281
73.75 33.75 -332.5810546875
73.75 34.25 -317.1215515136719
73.75 34.75 -299.8274841308594
73.75 35.25 -253.5558319091797
73.75 35.75 -258.5718383789062
73.75 36.25 -241.2660522460938
73.75 36.75 -228.4813537597656
73.75 37.25 -220.5543060302734
73.75 37.75 -226.1114959716797
73.75 38.25 -216.4805755615234
73.75 38.75 -224.142822265625
73.75 39.25 -223.0211181640625
74.25 16.25 -559.8326416015625
74.25 16.75 -261.2167358398438
74.25 17.25 -198.9154357910156
74.25 17.75 -170.3584747314453
74.25 18.25 -108.5122222900391
74.25 18.75 -44.24404144287109
74.25 19.25 -61.18267440795898
74.25 19.75 -83.9111099243164
74.25 20.25 -114.7344436645508
74.25 20.75 -160.1049041748047
74.25 21.25 -264.0553283691406
74.25 21.75 -253.2864532470703
74.25 22.25 -203.0394592285156
74.25 22.75 -242.0850982666016
74.25 23.25 -305.0431213378906
74.25 23.75 -347.8166198730469
74.25 24.25 -404.9080200195312
74.25 24.75 -417.0944213867188
74.25 25.25 -432.0666809082031
74.25 25.75 -420.2037048339844
74.25 26.25 -410.8753662109375
74.25 26.75 -412.215576171875
74.25 27.25 -413.9750061035156
74.25 27.75 -413.1174621582031
74.25 28.25 -403.5035705566406
74.25 28.75 -394.3692932128906
74.25 29.25 -382.7813415527344
74.25 29.75 -371.9679565429688
74.25 30.25 -338.8896484375
74.25 30.75 -317.9100646972656
74.25 31.25 -282.8106689453125
74.25 31.75 -222.4745941162109
74.25 32.25 -232.6476440429688
74.25 32.75 -260.0292663574219
74.25 33.25 -280.7542724609375
74.25 33.75 -277.5673522949219
74.25 34.25 -285.3998413085938
74.25 34.75 -281.6357116699219
74.25 35.25 -285.6756591796875
74.25 35.75 -278.0644226074219
74.25 36.25 -258.3995971679688
74.25 36.75 -241.0093078613281
74.25 37.25 -238.6472625732422
74.25 37.75 -204.6615142822266
74.25 38.25 -193.213623046875
74.25 38.75 -203.3621520996094
74.25 39.25 -215.2646789550781
74.75 16.25 -278.387451171875
74.75 16.75 -220.74609375
74.75 17.25 -243.4859313964844
74.75 17.75 -258.942138671875
74.75 18.25 -202.8584289550781
74.75 18.75 -170.0472869873047
74.75 19.25 -95.99475860595703
74.75 19.75 -52.59561538696289
74.75 20.25 -56.93717575073242
74.75 20.75 -69.92304229736328
74.75 21.25 -100.489860534668
74.75 21.75 -146.8593597412109
74.75 22.25 -108.8144760131836
74.75 22.75 -100.7038497924805
74.75 23.25 -125.7142028808594
74.75 23.75 -159.0066680908203
74.75 24.25 -173.1758422851562
74.75 24.75 -206.5520629882812
74.75 25.25 -244.613037109375
74.75 25.75 -284.1493835449219
74.75 26.25 -307.78564453125
74.75 26.75 -327.9384460449219
74.75 27.25 -353.3289794921875
74.75 27.75 -366.5767211914062
74.75 28.25 -362.4061279296875
74.75 28.75 -380.4293212890625
74.75 29.25 -386.3302612304688
74.75 29.75 -384.2748718261719
74.75 30.25 -378.4235534667969
74.75 30.75 -364.6053466796875
74.75 31.25 -302.2175903320312
74.75 31.75 -254.9154815673828
74.75 32.25 -169.1528930664062
74.75 32.75 -179.1960296630859
74.75 33.25 -203.3682250976562
74.75 33.75 -239.7654113769531
74.75 34.25 -239.8597869873047
74.75 34.75 -250.2405700683594
74.75 35.25 -248.2635040283203
74.75 35.75 -252.6539459228516
74.75 36.25 -241.8924865722656
74.75 36.75 -204.2337799072266
74.75 37.25 -200.9837646484375
74.75 37.75 -171.8993225097656
74.75 38.25 -149.1624908447266
74.75 38.75 -149.8569946289062
74.75 39.25 -158.9652404785156
75.25 16.25 -201.2985534667969
75.25 16.75 -171.1842956542969
75.25 17.25 -147.0850982666016
75.25 17.75 -127.1295166015625
75.25 18.25 -49.06689834594727
75.25 18.75 -23.31222724914551
75.25 19.25 -33.90158081054688
75.25 19.75 -42.87751388549805
75.25 20.25 -40.30387878417969
75.25 20.75 -44.73893356323242
75.25 21.25 -45.32424545288086
75.25 21.75 -52.94883728027344
75.25 22.25 -62.80529403686523
75.25 22.75 -78.41642761230469
75.25 23.25 -111.6778335571289
75.25 23.75 -137.7045135498047
75.25 24.25 -143.4760284423828
75.25 24.75 -166.5484161376953
75.25 25.25 -177.6416015625
75.25 25.75 -187.60205078125
75.25 26.25 -202.0964660644531
75.25 26.75 -214.1354675292969
75.25 27.25 -246.0824127197266
75.25 27.75 -277.7031860351562
75.25 28.25 -313.923583984375
75.25 28.75 -346.1703796386719
75.25 29.25 -351.1553955078125
75.25 29.75 -369.2830505371094
75.25 30.25 -387.0416259765625
75.25 30.75 -376.5017700195312
75.25 31.25 -360.9197998046875
75.25 31.75 -340.6699829101562
75.25 32.25 -312.4630737304688
75.25 32.75 -229.0373840332031
75.25 33.25 -190.4159240722656
75.25 33.75 -178.3531799316406
75.25 34.25 -147.1439208984375
75.25 34.75 -165.5807800292969
75.25 35.25 -159.8932647705078
75.25 35.75 -160.0549926757812
75.25 36.25 -158.5396728515625
75.25 36.75 -167.0562286376953
75.25 37.25 -186.4314575195312
75.25 37.75 -199.6582336425781
75.25 38.25 -185.5357971191406
75.25 38.75 -192.1524200439453
75.25 39.25 -212.1063690185547
75.75 16.25 -380.8104248046875
75.75 16.75 -327.6739196777344
75.75 17.25 -239.1547088623047
75.75 17.75 -207.510009765625
75.75 18.25 -105.8674163818359
75.75 18.75 -90.69181823730469
75.75 19.25 -61.35889053344727
75.75 19.75 -49.33531188964844
75.75 20.25 -41.55646896362305
75.75 20.75 -33.56626129150391
75.75 21.25 -40.86723327636719
75.75 21.75 -43.87754058837891
75.75 22.25 -51.48193359375
75.75 22.75 -53.45895385742188
75.75 23.25 -72.06377410888672
75.75 23.75 -85.43330383300781
75.75 24.25 -100.3237152099609
75.75 24.75 -100.7392883300781
75.75 25.25 -115.175048828125
75.75 25.75 -109.8815307617188
75.75 26.25 -144.5263824462891
75.75 26.75 -144.6806640625
75.75 27.25 -227.5511474609375
75.75 27.75 -254.109375
75.75 28.25 -240.3285827636719
75.75 28.75 -272.4170227050781
75.75 29.25 -302.7591552734375
75.75 29.75 -323.1098327636719
75.75 30.25 -329.6130981445312
75.75 30.75 -352.4992370605469
75.75 31.25 -360.4335632324219
75.75 31.75 -332.9864807128906
75.75 32.25 -324.0927734375
75.75 32.75 -287.5877075195312
75.75 33.25 -258.7463989257812
75.75 33.75 -227.5917053222656
75.75 34.25 -203.1955871582031
75.75 34.75 -183.1640777587891
75.75 35.25 -172.3500823974609
75.75 35.75 -169.6723022460938
75.75 36.25 -172.3189544677734
75.75 36.75 -188.0829162597656
75.75 37.25 -186.3605499267578
75.75 37.75 -197.9873657226562
75.75 38.25 -219.9382171630859
75.75 38.75 -236.0217132568359
75.75 39.25 -272.1215209960938
76.25 16.25 -173.7442474365234
76.25 16.75 -220.3202667236328
76.25 17.25 -277.1693420410156
76.25 17.75 -302.5168762207031
76.25 18.25 -249.9792327880859
76.25 18.75 -265.7740173339844
76.25 19.25 -254.6607055664062
76.25 19.75 -233.5644226074219
76.25 20.25 -241.9496154785156
76.25 20.75 -219.7097473144531
76.25 21.25 -200.3719329833984
76.25 21.75 -138.0908660888672
76.25 22.25 -98.09515380859375
76.25 22.75 -57.70063018798828
76.25 23.25 -46.91403961181641
76.25 23.75 -70.3353500366211
76.25 24.25 -59.47563934326172
76.25 24.75 -63.88652038574219
76.25 25.25 -80.9006118774414
76.25 25.75 -102.9050216674805
76.25 26.25 -128.1272583007812
76.25 26.75 -162.8180694580078
76.25 27.25 -144.8005523681641
76.25 27.75 -128.7073822021484
76.25 28.25 -135.1376647949219
76.25 28.75 -175.1846008300781
76.25 29.25 -255.9354705810547
76.25 29.75 -293.5702514648438
76.25 30.25 -305.9744262695312
76.25 30.75 -301.4447631835938
76.25 31.25 -318.9893798828125
76.25 31.75 -319.4552001953125
76.25 32.25 -295.8146362304688
76.25 32.75 -300.2400512695312
76.25 33.25 -303.3737182617188
76.25 33.75 -304.709228515625
76.25 34.25 -299.17529296875
76.25 34.75 -303.135498046875
76.25 35.25 -303.9213562011719
76.25 35.75 -299.9222106933594
76.25 36.25 -283.6640319824219
76.25 36.75 -283.5191955566406
76.25 37.25 -280.802734375
76.25 37.75 -271.7116394042969
76.25 38.25 -257.2261962890625
76.25 38.75 -247.0673980712891
76.25 39.25 -230.4817657470703
76.75 16.25 219.6049346923828
76.75 16.75 181.3777770996094
76.75 17.25 -64.97755432128906
76.75 17.75 -159.3573913574219
76.75 18.25 -154.2078399658203
76.75 18.75 -66.84996032714844
76.75 19.25 -145.6699676513672
76.75 19.75 -148.4639587402344
76.75 20.25 -157.3678894042969
76.75 20.75 -47.80025100708008
76.75 21.25 -28.82329750061035
76.75 21.75 -47.54104614257812
76.75 22.25 -127.3515090942383
76.75 22.75 -144.4242553710938
76.75 23.25 -134.8795776367188
76.75 23.75 -65.74968719482422
76.75 24.25 -45.09619522094727
76.75 24.75 -39.01057434082031
76.75 25.25 -37.77207565307617
76.75 25.75 -54.517578125
76.75 26.25 -64.60665893554688
76.75 26.75 -107.6178207397461
76.75 27.25 -115.1814727783203
76.75 27.75 -154.9420776367188
76.75 28.25 -129.0906982421875
76.75 28.75 -200.0177764892578
76.75 29.25 -261.37939453125
76.75 29.75 -263.8395385742188
76.75 30.25 -263.1220703125
76.75 30.75 -269.9612121582031
76.75 31.25 -268.5417175292969
76.75 31.75 -285.1708679199219
76.75 32.25 -251.350830078125
76.75 32.75 -194.6539306640625
76.75 33.25 -122.5497512817383
76.75 33.75 -120.3969802856445
76.75 34.25 -143.1815185546875
76.75 34.75 -149.0547790527344
76.75 35.25 -166.8169097900391
76.75 35.75 -182.3834075927734
76.75 36.25 -196.2539672851562
76.75 36.75 -198.1777191162109
76.75 37.25 -181.2767181396484
76.75 37.75 -167.6251373291016
76.75 38.25 -193.9373321533203
76.75 38.75 -191.4391784667969
76.75 39.25 -197.9865112304688
77.25 16.25 505.1777648925781
77.25 16.75 428.78369140625
77.25 17.25 141.8666687011719
77.25 17.75 -86.30635070800781
77.25 18.25 -99.09662628173828
77.25 18.75 -111.7249984741211
77.25 19.25 -152.8958587646484
77.25 19.75 -146.0282745361328
77.25 20.25 -125.2126083374023
77.25 20.75 -64.68698120117188
77.25 21.25 -41.81256103515625
77.25 21.75 -29.97243309020996
77.25 22.25 -39.00014495849609
77.25 22.75 -1.611281752586365
77.25 23.25 -49.68324661254883
77.25 23.75 -103.7212066650391
77.25 24.25 -67.52532196044922
77.25 24.75 -68.50666046142578
77.25 25.25 -75.2750015258789
77.25 25.75 -92.19674682617188
77.25 26.25 -114.3164520263672
77.25 26.75 -146.2622528076172
77.25 27.25 -195.0779418945312
77.25 27.75 -222.1856689453125
77.25 28.25 -171.6738891601562
77.25 28.75 -178.8793487548828
77.25 29.25 -186.1758270263672
77.25 29.75 -201.9163055419922
77.25 30.25 -187.9523620605469
77.25 30.75 -186.1534423828125
77.25 31.25 -179.6299285888672
77.25 31.75 -174.6172637939453
77.25 32.25 -170.8116149902344
77.25 32.75 -162.0893096923828
77.25 33.25 -155.8416595458984
77.25 33.75 -150.0083770751953
77.25 34.25 -186.1662445068359
77.25 34.75 -150.4892120361328
77.25 35.25 -151.9062194824219
77.25 35.75 -148.5558166503906
77.25 36.25 -140.9670257568359
77.25 36.75 -150.2097930908203
77.25 37.25 -176.7000885009766
77.25 37.75 -195.0683288574219
77.25 38.25 -202.4368743896484
77.25 38.75 -208.4146575927734
77.25 39.25 -216.3133850097656
77.75 16.25 694.7308349609375
77.75 16.75 454.2548217773438
77.75 17.25 114.7777786254883
77.75 17.75 521.73876953125
77.75 18.25 387.5758056640625
77.75 18.75 -95.87955474853516
77.75 19.25 -91.9884033203125
77.75 19.75 -65.48456573486328
77.75 20.25 -76.90877532958984
77.75 20.75 -33.42356872558594
77.75 21.25 237.8987579345703
77.75 21.75 263.5555419921875
77.75 22.25 396.8222351074219
77.75 22.75 149.8222198486328
77.75 23.25 429.0237121582031
77.75 23.75 224.7777709960938
77.75 24.25 -10.99019050598145
77.75 24.75 -47.68042373657227
77.75 25.25 -61.30447006225586
77.75 25.75 -171.4990844726562
77.75 26.25 -134.9205627441406
77.75 26.75 -122.6100234985352
77.75 27.25 -123.6578598022461
77.75 27.75 -152.1314544677734
77.75 28.25 -203.1239471435547
77.75 28.75 -215.1394653320312
77.75 29.25 -233.4486694335938
77.75 29.75 -221.5380554199219
77.75 30.25 -259.5956420898438
77.75 30.75 -232.2767944335938
77.75 31.25 -212.1057434082031
77.75 31.75 -175.5934448242188
77.75 32.25 -127.3568649291992
77.75 32.75 -156.4992065429688
77.75 33.25 -157.4276580810547
77.75 33.75 -191.0055541992188
77.75 34.25 -169.1078491210938
77.75 34.75 -181.8125762939453
77.75 35.25 -135.1973266601562
77.75 35.75 -155.9508819580078
77.75 36.25 -153.3327484130859
77.75 36.75 -155.7300262451172
77.75 37.25 -230.4061431884766
77.75 37.75 -239.1119232177734
77.75 38.25 -231.7816467285156
77.75 38.75 -242.8088226318359
77.75 39.25 -240.1461334228516
78.25 16.25 374.498779296875
78.25 16.75 598.4241943359375
78.25 17.25 14.08888912200928
78.25 17.75 25
78.25 18.25 604.2444458007812
78.25 18.75 116.9111099243164
78.25 19.25 -83.7249984741211
78.25 19.75 -55.3730354309082
78.25 20.25 -54.24731063842773
78.25 20.75 19.77777862548828
78.25 21.25 226.2024688720703
78.25 21.75 11.64444446563721
78.25 22.25 -20.20044708251953
78.25 22.75 0
78.25 23.25 -18.56113433837891
78.25 23.75 -39.97631072998047
78.25 24.25 -84.6479721069336
78.25 24.75 -100.085075378418
78.25 25.25 -110.3814163208008
78.25 25.75 -159.1595916748047
78.25 26.25 -228.0984344482422
78.25 26.75 -303.7490844726562
78.25 27.25 -311.2241821289062
78.25 27.75 -307.1339111328125
78.25 28.25 -322.0757446289062
78.25 28.75 -308.3187255859375
78.25 29.25 -346.7461242675781
78.25 29.75 -332.1577453613281
78.25 30.25 -314.1054382324219
78.25 30.75 -257.0227355957031
78.25 31.25 -239.5204010009766
78.25 31.75 -217.7572174072266
78.25 32.25 -220.0531768798828
78.25 32.75 -195.2743377685547
78.25 33.25 -159.8063659667969
78.25 33.75 -150.189697265625
78.25 34.25 -192.1248168945312
78.25 34.75 -237.7725524902344
78.25 35.25 -200.7500152587891
78.25 35.75 -141.2230987548828
78.25 36.25 -100.6162338256836
78.25 36.75 -112.3406143188477
78.25 37.25 -166.9922943115234
78.25 37.75 -170.6416015625
78.25 38.25 -193.1273345947266
78.25 38.75 -145.8918609619141
78.25 39.25 -213.1235504150391
78.75 16.25 400.3333435058594
78.75 16.75 440.8888854980469
78.75 17.25 853.4000244140625
78.75 17.75 989.6889038085938
78.75 18.25 1095.511108398438
78.75 18.75 606
78.75 19.25 435.4222106933594
78.75 19.75 503
78.75 20.25 274.6000061035156
78.75 20.75 455.6222229003906
78.75 21.25 249.2222290039062
78.75 21.75 -35.70718383789062
78.75 22.25 -63.82159042358398
78.75 22.75 -116.2659149169922
78.75 23.25 -107.1476135253906
78.75 23.75 -137.2945709228516
78.75 24.25 -150.5834808349609
78.75 24.75 -141.1764831542969
78.75 25.25 -121.9980239868164
78.75 25.75 -96.88858032226562
78.75 26.25 -51.73774337768555
78.75 26.75 2.460207462310791
78.75 27.25 -102.4425811767578
78.75 27.75 -99.9619369506836
78.75 28.25 -59.08169174194336
78.75 28.75 -47.07755661010742
78.75 29.25 -136.5936431884766
78.75 29.75 -145.7598724365234
78.75 30.25 -232.5647888183594
78.75 30.75 -179.7237396240234
78.75 31.25 -181.5195159912109
78.75 31.75 -252.5328063964844
78.75 32.25 -278.9947814941406
78.75 32.75 -273.3446960449219
78.75 33.25 -274.3096008300781
78.75 33.75 -285.0039978027344
78.75 34.25 -289.9756469726562
78.75 34.75 -266.7201843261719
78.75 35.25 -244.8193359375
78.75 35.75 -224.4405364990234
78.75 36.25 -235.350341796875
78.75 36.75 -259.0420837402344
78.75 37.25 -222.3327026367188
78.75 37.75 -215.0184783935547
78.75 38.25 -161.0255889892578
78.75 38.75 -161.5567016601562
78.75 39.25 -180.5833435058594
79.25 16.25 601.888916015625
79.25 16.75 1167.575805664062
79.25 17.25 541
79.25 17.75 889.111083984375
79.25 18.25 332.8444519042969
79.25 18.75 -0.8094627261161804
79.25 19.25 -55.79219818115234
79.25 19.75 -29.01218795776367
79.25 20.25 0
79.25 20.75 -77.03903198242188
79.25 21.25 -55.06777572631836
79.25 21.75 -59.81791687011719
79.25 22.25 -49.7739143371582
79.25 22.75 0
79.25 23.25 2.299259185791016
79.25 23.75 30.17777824401855
79.25 24.25 -11.23498630523682
79.25 24.75 -87.31856536865234
79.25 25.25 -117.3358154296875
79.25 25.75 -157.8962249755859
79.25 26.25 -209.0636596679688
79.25 26.75 -270.2119445800781
79.25 27.25 -302.5011291503906
79.25 27.75 -249.9845275878906
79.25 28.25 -228.2405853271484
79.25 28.75 -204.5797424316406
79.25 29.25 -206.4197387695312
79.25 29.75 -201.6903991699219
79.25 30.25 -214.6552124023438
79.25 30.75 -199.8457183837891
79.25 31.25 -204.0646362304688
79.25 31.75 -132.9723663330078
79.25 32.25 -113.4242858886719
79.25 32.75 -167.414794921875
79.25 33.25 -200.3749847412109
79.25 33.75 -206.5996246337891
79.25 34.25 -236.5919799804688
79.25 34.75 -240.8896942138672
79.25 35.25 -237.626708984375
79.25 35.75 -235.2024993896484
79.25 36.25 -261.1333923339844
79.25 36.75 -273.4207458496094
79.25 37.25 -304.9476013183594
79.25 37.75 -322.2677307128906
79.25 38.25 -319.1939086914062
79.25 38.75 -332.1737670898438
79.25 39.25 -299.656005859375
79.75 16.25 493.5333251953125
79.75 16.75 539.4849243164062
79.75 17.25 623.411865234375
79.75 17.75 249.1832122802734
79.75 18.25 -424.8386535644531
79.75 18.75 23.53333282470703
79.75 19.25 0
79.75 19.75 91.35752868652344
79.75 20.25 -10.2909574508667
79.75 20.75 -17.84491920471191
79.75 21.25 -15.43704223632812
79.75 21.75 1.48888885974884
79.75 22.25 250
79.75 22.75 274.39208984375
79.75 23.25 353.109619140625
79.75 23.75 546.2222290039062
79.75 24.25 705.6997680664062
79.75 24.75 703.7777709960938
79.75 25.25 520.6424560546875
79.75 25.75 334.95556640625
79.75 26.25 133.2370300292969
79.75 26.75 -52.43399429321289
79.75 27.25 -89.71661376953125
79.75 27.75 -90.63805389404297
79.75 28.25 -141.7226867675781
79.75 28.75 -223.5319519042969
79.75 29.25 -236.7508239746094
79.75 29.75 -183.60009765625
79.75 30.25 -164.6149749755859
79.75 30.75 -101.0602111816406
79.75 31.25 -97.26387023925781
79.75 31.75 -119.8761138916016
79.75 32.25 -152.1885986328125
79.75 32.75 -318.7806091308594
79.75 33.25 -324.7602844238281
79.75 33.75 -289.1325988769531
79.75 34.25 -260.6231994628906
79.75 34.75 -270.2318115234375
79.75 35.25 -273.9418334960938
79.75 35.75 -282.9560852050781
79.75 36.25 -266.4342956542969
79.75 36.75 -247.7625579833984
79.75 37.25 -256.2647705078125
79.75 37.75 -263.7659606933594
79.75 38.25 -270.9129943847656
79.75 38.75 -276.1948852539062
79.75 39.25 -291.1065063476562
80.25 16.25 -315.1756286621094
80.25 16.75 -331.6609802246094
80.25 17.25 -107.3019943237305
80.25 17.75 -51.31089401245117
80.25 18.25 -6.070346355438232
80.25 18.75 -8.9343900680542
80.25 19.25 273.1570434570312
80.25 19.75 274.5051879882812
80.25 20.25 286.1600036621094
80.25 20.75 62.31111145019531
80.25 21.25 -1.940534234046936
80.25 21.75 212.3644409179688
80.25 22.25 -100.6247482299805
80.25 22.75 126.2666702270508
80.25 23.25 -0.05502396821975708
80.25 23.75 195.1185150146484
80.25 24.25 27.79407501220703
80.25 24.75 70.42666625976562
80.25 25.25 0
80.25 25.75 -11.19295215606689
80.25 26.25 -35.10207748413086
80.25 26.75 -65.66735076904297
80.25 27.25 -98.39137268066406
80.25 27.75 -82.22750091552734
80.25 28.25 -67.5000991821289
80.25 28.75 -202.7655487060547
80.25 29.25 -220.0846862792969
80.25 29.75 -215.2359924316406
80.25 30.25 -194.039794921875
80.25 30.75 -139.9703369140625
80.25 31.25 -191.0649108886719
80.25 31.75 -97.04130554199219
80.25 32.25 0
80.25 32.75 0
80.25 33.25 0
80.25 33.75 -284.2670593261719
80.25 34.25 -304.8919372558594
80.25 34.75 -228.4443511962891
80.25 35.25 -136.3782196044922
80.25 35.75 -93.76615142822266
80.25 36.25 -76.14839935302734
80.25 36.75 -89.85482788085938
80.25 37.25 -82.33274841308594
80.25 37.75 -40.43110656738281
80.25 38.25 -55.00162506103516
80.25 38.75 -134.6549682617188
80.25 39.25 -151.3650817871094
80.75 16.25 -835.684814453125
80.75 16.75 -177.1448211669922
80.75 17.25 -179.4898681640625
80.75 17.75 -126.5759658813477
80.75 18.25 -174.6872711181641
80.75 18.75 -97.24530792236328
80.75 19.25 -107.5574951171875
80.75 19.75 -113.9860458374023
80.75 20.25 -93.70291900634766
80.75 20.75 -6.335312366485596
80.75 21.25 -178.7051696777344
80.75 21.75 -169.7516937255859
80.75 22.25 -122.2027435302734
80.75 22.75 -127.4605560302734
80.75 23.25 -179.9269409179688
80.75 23.75 -150.4194030761719
80.75 24.25 -99.52130126953125
80.75 24.75 -102.6983489990234
80.75 25.25 -148.9810333251953
80.75 25.75 -218.7725219726562
80.75 26.25 -138.6584320068359
80.75 26.75 -108.3580017089844
80.75 27.25 -95.85465240478516
80.75 27.75 -84.4983139038086
80.75 28.25 -105.244499206543
80.75 28.75 -389.236328125
80.75 29.25 -471.9193115234375
80.75 29.75 -292.8876037597656
80.75 30.25 -193.7290191650391
80.75 30.75 -175.0381774902344
80.75 31.25 -163.1361541748047
80.75 31.75 -150.9750518798828
80.75 32.25 -175.5452880859375
80.75 32.75 -188.4239959716797
80.75 33.25 -185.2882690429688
80.75 33.75 -195.4225006103516
80.75 34.25 -189.8418273925781
80.75 34.75 -175.5696868896484
80.75 35.25 -189.7834625244141
80.75 35.75 -184.8318176269531
80.75 36.25 -182.4420318603516
80.75 36.75 -160.2622375488281
80.75 37.25 -188.3319702148438
80.75 37.75 -210.6619720458984
80.75 38.25 -228.1629028320312
80.75 38.75 -205.4396820068359
80.75 39.25 -220.0583038330078
81.25 16.25 -2161.817626953125
81.25 16.75 -1413.457763671875
81.25 17.25 -903.259033203125
81.25 17.75 -583.4635009765625
81.25 18.25 -505.9920959472656
81.25 18.75 -484.9063720703125
81.25 19.25 -481.822998046875
81.25 19.75 -492.8686828613281
81.25 20.25 -502.0775451660156
81.25 20.75 -456.999267578125
81.25 21.25 -316.45654296875
81.25 21.75 -237.07958984375
81.25 22.25 -213.1651153564453
81.25 22.75 -217.2522125244141
81.25 23.25 -110.8889846801758
81.25 23.75 -148.0695648193359
81.25 24.25 -187.0789642333984
81.25 24.75 -127.9699249267578
81.25 25.25 -217.7677459716797
81.25 25.75 -277.8827819824219
81.25 26.25 -364.9651184082031
81.25 26.75 -379.0357666015625
81.25 27.25 -187.8835296630859
81.25 27.75 -111.8709487915039
81.25 28.25 -125.455207824707
81.25 28.75 -270.9736633300781
81.25 29.25 -335.6745910644531
81.25 29.75 -206.0152893066406
81.25 30.25 -136.9578857421875
81.25 30.75 -154.7059020996094
81.25 31.25 -220.0574493408203
81.25 31.75 -179.2600708007812
81.25 32.25 -181.0282745361328
81.25 32.75 -187.8215637207031
81.25 33.25 -186.2817687988281
81.25 33.75 -184.5368499755859
81.25 34.25 -186.5816345214844
81.25 34.75 -245.8144073486328
81.25 35.25 -297.4984436035156
81.25 35.75 -328.5940856933594
81.25 36.25 -311.5718994140625
81.25 36.75 -284.87548828125
81.25 37.25 -254.6224975585938
81.25 37.75 -242.6706848144531
81.25 38.25 -272.3871459960938
81.25 38.75 -369.7447509765625
81.25 39.25 -445.9188232421875
81.75 16.25 -2185.8544921875
81.75 16.75 -2838.572998046875
81.75 17.25 -2968.63232421875
81.75 17.75 -3039.90478515625
81.75 18.25 -3092.914306640625
81.75 18.75 -3107.35693359375
81.75 19.25 -3156.499267578125
81.75 19.75 -3147.376953125
81.75 20.25 -3225.372314453125
81.75 20.75 -3258.44384765625
81.75 21.25 -3342.66650390625
81.75 21.75 -3429.2080078125
81.75 22.25 -3425.71826171875
81.75 22.75 -3246.761474609375
81.75 23.25 -3328.383056640625
81.75 23.75 -3123.1787109375
81.75 24.25 -3178.738037109375
81.75 24.75 -3074.048583984375
81.75 25.25 -3038.486083984375
81.75 25.75 -3071.99560546875
81.75 26.25 -2998.847412109375
81.75 26.75 -2972.82763671875
81.75 27.25 -2986.88623046875
81.75 27.75 -2937.243896484375
81.75 28.25 -2910.87109375
81.75 28.75 -2926.24072265625
81.75 29.25 -2928.57763671875
81.75 29.75 -2996.52001953125
81.75 30.25 -2891.46044921875
81.75 30.75 -2781.53955078125
81.75 31.25 -2691.313232421875
81.75 31.75 -2460.901611328125
81.75 32.25 -2250.42919921875
81.75 32.75 -2067.641845703125
81.75 33.25 -1875.437744140625
81.75 33.75 -1598.487548828125
81.75 34.25 -1240.854736328125
81.75 34.75 -854.1569213867188
81.75 35.25 -727.260498046875
81.75 35.75 -507.9678955078125
81.75 36.25 -417.2447814941406
81.75 36.75 -402.3433532714844
81.75 37.25 -392.8970642089844
81.75 37.75 -384.9791870117188
81.75 38.25 -384.2939758300781
81.75 38.75 -409.0979614257812
81.75 39.25 -455.4626159667969
82.25 16.25 -2120.710693359375
82.25 16.75 -2036.407348632812
82.25 17.25 -2054.09521484375
82.25 17.75 -2112.00439453125
82.25 18.25 -2487.199951171875
82.25 18.75 -3014.720458984375
82.25 19.25 -3609.874755859375
82.25 19.75 -3667.569091796875
82.25 20.25 -3685.8896484375
82.25 20.75 -3710.849853515625
82.25 21.25 -3737.3056640625
82.25 21.75 -3768.832275390625
82.25 22.25 -3810.189453125
82.25 22.75 -3850.013916015625
82.25 23.25 -3866.6044921875
82.25 23.75 -3874.624755859375
82.25 24.25 -3873.419677734375
82.25 24.75 -3856.421142578125
82.25 25.25 -3826.343017578125
82.25 25.75 -3799.92578125
82.25 26.25 -3798.621337890625
82.25 26.75 -3784.679931640625
82.25 27.25 -3753.916748046875
82.25 27.75 -3716.24755859375
82.25 28.25 -3670.818603515625
82.25 28.75 -3618.779541015625
82.25 29.25 -3562.23388671875
82.25 29.75 -3505.2158203125
82.25 30.25 -3452.230712890625
82.25 30.75 -3196.62744140625
82.25 31.25 -3206.347412109375
82.25 31.75 -3124.489013671875
82.25 32.25 -2990.577880859375
82.25 32.75 -2933.96533203125
82.25 33.25 -2803.60693359375
82.25 33.75 -2700.7265625
82.25 34.25 -2620.228759765625
82.25 34.75 -2362.97900390625
82.25 35.25 -2098.3427734375
82.25 35.75 -2225.268798828125
82.25 36.25 -2128.19482421875
82.25 36.75 -2094.636962890625
82.25 37.25 -1846.395141601562
82.25 37.75 -1566.951416015625
82.25 38.25 -1550.106201171875
82.25 38.75 -1496.795166015625
82.25 39.25 -1479.982788085938
82.75 16.25 -1447.73486328125
82.75 16.75 -1781.858764648438
82.75 17.25 -1832.055786132812
82.75 17.75 -2636.364013671875
82.75 18.25 -4001.373291015625
82.75 18.75 -3682.249755859375
82.75 19.25 -3908.32470703125
82.75 19.75 -3916.06689453125
82.75 20.25 -3939.841552734375
82.75 20.75 -3959.2939453125
82.75 21.25 -3968.896728515625
82.75 21.75 -3970.385986328125
82.75 22.25 -3969.63427734375
82.75 22.75 -3968.391845703125
82.75 23.25 -3966.644287109375
82.75 23.75 -3964.248291015625
82.75 24.25 -3961.055908203125
82.75 24.75 -3956.856201171875
82.75 25.25 -3951.15087890625
82.75 25.75 -3942.904052734375
82.75 26.25 -3930.40869140625
82.75 26.75 -3912.009033203125
82.75 27.25 -3888.861572265625
82.75 27.75 -3866.218505859375
82.75 28.25 -3841.11328125
82.75 28.75 -3818.388916015625
82.75 29.25 -3801.97119140625
82.75 29.75 -3773.407470703125
82.75 30.25 -3718.546142578125
82.75 30.75 -3658.993408203125
82.75 31.25 -3602.763671875
82.75 31.75 -3532.580810546875
82.75 32.25 -3469.26416015625
82.75 32.75 -3437.40185546875
82.75 33.25 -3439.743408203125
82.75 33.75 -3440.813232421875
82.75 34.25 -3326.67822265625
82.75 34.75 -3224.457275390625
82.75 35.25 -3197.69775390625
82.75 35.75 -3216.6708984375
82.75 36.25 -3136.263916015625
82.75 36.75 -3101.31201171875
82.75 37.25 -3076.3564453125
82.75 37.75 -3004.48583984375
82.75 38.25 -3007.835205078125
82.75 38.75 -2992.568603515625
82.75 39.25 -2907.30615234375
83.25 16.25 -3990.20751953125
83.25 16.75 -3986.16845703125
83.25 17.25 -4009.5380859375
83.25 17.75 -4004.34716796875
83.25 18.25 -3994.853515625
83.25 18.75 -3997.99658203125
83.25 19.25 -4024.56640625
83.25 19.75 -4005.768310546875
83.25 20.25 -3999.27099609375
83.25 20.75 -3999.9931640625
83.25 21.25 -3999.976318359375
83.25 21.75 -3999.99755859375
83.25 22.25 -3999.994873046875
83.25 22.75 -3999.9970703125
83.25 23.25 -3999.99853515625
83.25 23.75 -3999.99951171875
83.25 24.25 -4000
83.25 24.75 -4000.000244140625
83.25 25.25 -4000.000244140625
83.25 25.75 -3999.99658203125
83.25 26.25 -4000.02197265625
83.25 26.75 -3999.4248046875
83.25 27.25 -3993.4873046875
83.25 27.75 -3988.220458984375
83.25 28.25 -3982.453125
83.25 28.75 -3967.015380859375
83.25 29.25 -3949.263671875
83.25 29.75 -3933.14599609375
83.25 30.25 -3918.3310546875
83.25 30.75 -3903.724365234375
83.25 31.25 -3880.06103515625
83.25 31.75 -3856.27783203125
83.25 32.25 -3837.33642578125
83.25 32.75 -3819.54833984375
83.25 33.25 -3803.972900390625
83.25 33.75 -3794.408447265625
83.25 34.25 -3780.47509765625
83.25 34.75 -3744.614990234375
83.25 35.25 -3715.883544921875
83.25 35.75 -3691.536376953125
83.25 36.25 -3667.551513671875
83.25 36.75 -3646.347412109375
83.25 37.25 -3639.124267578125
83.25 37.75 -3637.755126953125
83.25 38.25 -3629.571044921875
83.25 38.75 -3618.912841796875
83.25 39.25 -3615.82470703125
83.75 16.25 -4000.036376953125
83.75 16.75 -4000.003173828125
83.75 17.25 -4000.000732421875
83.75 17.75 -4000.01318359375
83.75 18.25 -4000.005859375
83.75 18.75 -4006.320556640625
83.75 19.25 -3987.422119140625
83.75 19.75 -4003.388671875
83.75 20.25 -3868.0009765625
83.75 20.75 -4015.309326171875
83.75 21.25 -4001.126708984375
83.75 21.75 -3999.68310546875
83.75 22.25 -3999.7158203125
83.75 22.75 -3999.92041015625
83.75 23.25 -4000.007080078125
83.75 23.75 -4000.001220703125
83.75 24.25 -4000.00048828125
83.75 24.75 -4000.00048828125
83.75 25.25 -4000.000244140625
83.75 25.75 -4000.000244140625
83.75 26.25 -4000.00048828125
83.75 26.75 -4000.000244140625
83.75 27.25 -4000
83.75 27.75 -4000.000244140625
83.75 28.25 -4000
83.75 28.75 -4000
83.75 29.25 -3999.99951171875
83.75 29.75 -4000.001708984375
83.75 30.25 -3999.973876953125
83.75 30.75 -3996.321044921875
83.75 31.25 -3972.322509765625
83.75 31.75 -3938.794189453125
83.75 32.25 -3918.619873046875
83.75 32.75 -3905.446044921875
83.75 33.25 -3895.965087890625
83.75 33.75 -3888.25732421875
83.75 34.25 -3881.2080078125
83.75 34.75 -3875.000244140625
83.75 35.25 -3869.56982421875
83.75 35.75 -3864.801025390625
83.75 36.25 -3860.5576171875
83.75 36.75 -3856.690185546875
83.75 37.25 -3853.113525390625
83.75 37.75 -3849.853271484375
83.75 38.25 -3846.929443359375
83.75 38.75 -3844.472900390625
83.75 39.25 -3842.67919921875
84.25 16.25 -3990.289794921875
84.25 16.75 -3998.5146484375
84.25 17.25 -4000.64013671875
84.25 17.75 -3996.66943359375
84.25 18.25 -3977.346923828125
84.25 18.75 -4001.385009765625
84.25 19.25 -3979.225341796875
84.25 19.75 -4000.000244140625
84.25 20.25 -3987.37890625
84.25 20.75 -3994.5166015625
84.25 21.25 -4000.892333984375
84.25 21.75 -3999.900146484375
84.25 22.25 -4002.15576171875
84.25 22.75 -4000.415283203125
84.25 23.25 -4000.010009765625
84.25 23.75 -4000.4765625
84.25 24.25 -4000.734619140625
84.25 24.75 -3996.972412109375
84.25 25.25 -3971.25927734375
84.25 25.75 -3967.144287109375
84.25 26.25 -3961.29931640625
84.25 26.75 -3975.568115234375
84.25 27.25 -3993.00732421875
84.25 27.75 -3999.7958984375
84.25 28.25 -3995.599365234375
84.25 28.75 -3990.56201171875
84.25 29.25 -3982.12646484375
84.25 29.75 -3957.73388671875
84.25 30.25 -3948.90234375
84.25 30.75 -3942.380615234375
84.25 31.25 -3937.026611328125
84.25 31.75 -3932.525390625
84.25 32.25 -3928.523681640625
84.25 32.75 -3924.96435546875
84.25 33.25 -3921.9150390625
84.25 33.75 -3919.4716796875
84.25 34.25 -3917.72607421875
84.25 34.75 -3916.713623046875
84.25 35.25 -3916.4482421875
84.25 35.75 -3916.94482421875
84.25 36.25 -3918.2255859375
84.25 36.75 -3920.3291015625
84.25 37.25 -3923.22265625
84.25 37.75 -3926.448974609375
84.25 38.25 -3928.604736328125
84.25 38.75 -3927.62451171875
84.25 39.25 -3921.37890625
84.75 16.25 -3924.470458984375
84.75 16.75 -3864.5810546875
84.75 17.25 -3775.218017578125
84.75 17.75 -3709.489990234375
84.75 18.25 -3875.25341796875
84.75 18.75 -3909.42236328125
84.75 19.25 -3865.183349609375
84.75 19.75 -3974.76904296875
84.75 20.25 -3836.69677734375
84.75 20.75 -3751.671875
84.75 21.25 -3637.922607421875
84.75 21.75 -3819.753173828125
84.75 22.25 -4002.59619140625
84.75 22.75 -4012.87255859375
84.75 23.25 -4007.334716796875
84.75 23.75 -4003.80322265625
84.75 24.25 -4004.004150390625
84.75 24.75 -3985.938720703125
84.75 25.25 -3952.43603515625
84.75 25.75 -3959.062744140625
84.75 26.25 -3954.657470703125
84.75 26.75 -3951.281005859375
84.75 27.25 -3946.5595703125
84.75 27.75 -3938.710693359375
84.75 28.25 -3924.095703125
84.75 28.75 -3903.578125
84.75 29.25 -3882.119873046875
84.75 29.75 -3864.21240234375
84.75 30.25 -3856.50634765625
84.75 30.75 -3866.899169921875
84.75 31.25 -3888.473388671875
84.75 31.75 -3886.028564453125
84.75 32.25 -3863.062744140625
84.75 32.75 -3891.775390625
84.75 33.25 -3914.365234375
84.75 33.75 -3917.29248046875
84.75 34.25 -3915.125244140625
84.75 34.75 -3914.505615234375
84.75 35.25 -3914.314453125
84.75 35.75 -3914.393798828125
84.75 36.25 -3914.568359375
84.75 36.75 -3914.40673828125
84.75 37.25 -3913.7138671875
84.75 37.75 -3912.739013671875
84.75 38.25 -3911.907470703125
84.75 38.75 -3911.472412109375
84.75 39.25 -3911.169921875
85.25 16.25 -2928.083251953125
85.25 16.75 -3292.183349609375
85.25 17.25 -3997.3154296875
85.25 17.75 -3837.20703125
85.25 18.25 -3140.90380859375
85.25 18.75 -3407.32958984375
85.25 19.25 -3446.453369140625
85.25 19.75 -3721.339599609375
85.25 20.25 -3870.654296875
85.25 20.75 -3878.2236328125
85.25 21.25 -3790.211181640625
85.25 21.75 -3821.76171875
85.25 22.25 -3740.64453125
85.25 22.75 -3640.42626953125
85.25 23.25 -3460.46337890625
85.25 23.75 -3395.9677734375
85.25 24.25 -3204.128662109375
85.25 24.75 -2971.15625
85.25 25.25 -3069.134033203125
85.25 25.75 -3165.052734375
85.25 26.25 -3334.328369140625
85.25 26.75 -3559.160400390625
85.25 27.25 -3701.053955078125
85.25 27.75 -3702.92919921875
85.25 28.25 -3482.23681640625
85.25 28.75 -3635.20068359375
85.25 29.25 -3727.700927734375
85.25 29.75 -3846.0546875
85.25 30.25 -3828.5390625
85.25 30.75 -4112.376953125
85.25 31.25 -4171.28515625
85.25 31.75 -3567.19140625
85.25 32.25 -3653.678466796875
85.25 32.75 -3861.32421875
85.25 33.25 -3895.44091796875
85.25 33.75 -3906.772216796875
85.25 34.25 -3911.179443359375
85.25 34.75 -3911.967041015625
85.25 35.25 -3912.0673828125
85.25 35.75 -3913.200927734375
85.25 36.25 -3916.34716796875
85.25 36.75 -3919.995849609375
85.25 37.25 -3913.8046875
85.25 37.75 -3894.344482421875
85.25 38.25 -3912.98583984375
85.25 38.75 -3925.923583984375
85.25 39.25 -3910.473388671875
85.75 16.25 -3219.66162109375
85.75 16.75 -3186.115966796875
85.75 17.25 -3325.615478515625
85.75 17.75 -3198.43994140625
85.75 18.25 -3082.765869140625
85.75 18.75 -3595.07177734375
85.75 19.25 -3759.219482421875
85.75 19.75 -4490.17724609375
85.75 20.25 -4407.388671875
85.75 20.75 -3915.733642578125
85.75 21.25 -3444.647705078125
85.75 21.75 -2992.564208984375
85.75 22.25 -2862.206298828125
85.75 22.75 -3122.270263671875
85.75 23.25 -2749.773681640625
85.75 23.75 -2677.785888671875
85.75 24.25 -2828.235107421875
85.75 24.75 -2947.715576171875
85.75 25.25 -3037.652099609375
85.75 25.75 -3018.956298828125
85.75 26.25 -2946.030029296875
85.75 26.75 -2969.8671875
85.75 27.25 -3265.837890625
85.75 27.75 -3200.4326171875
85.75 28.25 -3174.60205078125
85.75 28.75 -3122.097900390625
85.75 29.25 -3079.25537109375
85.75 29.75 -3138.483154296875
85.75 30.25 -3626.60791015625
85.75 30.75 -3680.208251953125
85.75 31.25 -3454.083251953125
85.75 31.75 -3234.98486328125
85.75 32.25 -3037.547119140625
85.75 32.75 -2986.388916015625
85.75 33.25 -3040.381591796875
85.75 33.75 -3416.8251953125
85.75 34.25 -3642.7734375
85.75 34.75 -3659.277099609375
85.75 35.25 -3681.822998046875
85.75 35.75 -3779.939453125
85.75 36.25 -3680.091552734375
85.75 36.75 -3527.7333984375
85.75 37.25 -3606.15478515625
85.75 37.75 -3792.49609375
85.75 38.25 -3805.826904296875
85.75 38.75 -3692.13134765625
85.75 39.25 -3797.322021484375
86.25 16.25 -3494.48974609375
86.25 16.75 -3574.289306640625
86.25 17.25 -3636.931640625
86.25 17.75 -3752.05029296875
86.25 18.25 -3779.64794921875
86.25 18.75 -3567.69287109375
86.25 19.25 -3437.59033203125
86.25 19.75 -3463.8974609375
86.25 20.25 -3413.995849609375
86.25 20.75 -3289.587646484375
86.25 21.25 -3279.16650390625
86.25 21.75 -3265.05908203125
86.25 22.25 -3342.134521484375
86.25 22.75 -3335.8857421875
86.25 23.25 -3490.880615234375
86.25 23.75 -3390.495361328125
86.25 24.25 -3227.798828125
86.25 24.75 -3024.190673828125
86.25 25.25 -2954.972412109375
86.25 25.75 -3004.1484375
86.25 26.25 -3202.0810546875
86.25 26.75 -3339.777587890625
86.25 27.25 -3341.101806640625
86.25 27.75 -3277.4755859375
86.25 28.25 -3276.055419921875
86.25 28.75 -3071.324462890625
86.25 29.25 -2425.6796875
86.25 29.75 -1891.88134765625
86.25 30.25 -1542.476318359375
86.25 30.75 -1854.620239257812
86.25 31.25 -2921.642333984375
86.25 31.75 -3671.24462890625
86.25 32.25 -3897.120849609375
86.25 32.75 -3867.2958984375
86.25 33.25 -4328.4150390625
86.25 33.75 -4264.99072265625
86.25 34.25 -4314.49658203125
86.25 34.75 -4650.94921875
86.25 35.25 -4957.498046875
86.25 35.75 -4850.837890625
86.25 36.25 -4363.7021484375
86.25 36.75 -3774.428955078125
86.25 37.25 -3832.889892578125
86.25 37.75 -3411.162353515625
86.25 38.25 -3386.063720703125
86.25 38.75 -3519.1787109375
86.25 39.25 -3545.23388671875
86.75 16.25 -3611.212158203125
86.75 16.75 -3633.247314453125
86.75 17.25 -4029.703857421875
86.75 17.75 -4275.892578125
86.75 18.25 -4315.69921875
86.75 18.75 -4347.6416015625
86.75 19.25 -4409.69189453125
86.75 19.75 -4456.17626953125
86.75 20.25 -4374.044921875
86.75 20.75 -4226.80029296875
86.75 21.25 -4079.22705078125
86.75 21.75 -3991.650146484375
86.75 22.25 -3942.615966796875
86.75 22.75 -3875.396728515625
86.75 23.25 -3823.604248046875
86.75 23.75 -3735.84716796875
86.75 24.25 -3469.19873046875
86.75 24.75 -3249.699951171875
86.75 25.25 -3237.1591796875
86.75 25.75 -3251.548828125
86.75 26.25 -3302.90966796875
86.75 26.75 -3356.474365234375
86.75 27.25 -3426.5068359375
86.75 27.75 -3498.779052734375
86.75 28.25 -3736.122314453125
86.75 28.75 -3911.1708984375
86.75 29.25 -4032.667724609375
86.75 29.75 -4180.40625
86.75 30.25 -4163.08251953125
86.75 30.75 -4058.06982421875
86.75 31.25 -3926.38720703125
86.75 31.75 -3803.83154296875
86.75 32.25 -3717.53173828125
86.75 32.75 -3558.59228515625
86.75 33.25 -3356.072265625
86.75 33.75 -3189.311279296875
86.75 34.25 -3382.7333984375
86.75 34.75 -3662.951416015625
86.75 35.25 -3477.2421875
86.75 35.75 -3308.271240234375
86.75 36.25 -3136.09912109375
86.75 36.75 -2955.328857421875
86.75 37.25 -3063.50537109375
86.75 37.75 -3468.198486328125
86.75 38.25 -3471.23974609375
86.75 38.75 -3144.63330078125
86.75 39.25 -3022.121337890625
87.25 16.25 -4345.7353515625
87.25 16.75 -4334.34228515625
87.25 17.25 -4324.47119140625
87.25 17.75 -4317.30810546875
87.25 18.25 -4315.11865234375
87.25 18.75 -4325.6962890625
87.25 19.25 -4350.80859375
87.25 19.75 -4367.78271484375
87.25 20.25 -3543.857421875
87.25 20.75 -3519.77734375
87.25 21.25 -3869.746826171875
87.25 21.75 -4058.537841796875
87.25 22.25 -4189.7958984375
87.25 22.75 -4166.69482421875
87.25 23.25 -4172.2373046875
87.25 23.75 -4216.92919921875
87.25 24.25 -4262.44677734375
87.25 24.75 -4294.57666015625
87.25 25.25 -4311.38037109375
87.25 25.75 -4314.658203125
87.25 26.25 -4313.34326171875
87.25 26.75 -4313.2255859375
87.25 27.25 -4313.4228515625
87.25 27.75 -4312.068359375
87.25 28.25 -4309.96044921875
87.25 28.75 -4308.77294921875
87.25 29.25 -4309.95849609375
87.25 29.75 -4311.3623046875
87.25 30.25 -4313.17724609375
87.25 30.75 -4309.80810546875
87.25 31.25 -4282.10986328125
87.25 31.75 -4227.962890625
87.25 32.25 -4190.2626953125
87.25 32.75 -4178.552734375
87.25 33.25 -4167.44091796875
87.25 33.75 -4159.41259765625
87.25 34.25 -4158.4912109375
87.25 34.75 -4154.1298828125
87.25 35.25 -4161.2529296875
87.25 35.75 -4314.64892578125
87.25 36.25 -4408.21142578125
87.25 36.75 -4392.0029296875
87.25 37.25 -4362.61279296875
87.25 37.75 -4331.2646484375
87.25 38.25 -4373.24951171875
87.25 38.75 -4369.12744140625
87.25 39.25 -4337.9072265625
87.75 16.25 -4285.3046875
87.75 16.75 -4227.08447265625
87.75 17.25 -4197.3447265625
87.75 17.75 -4243.97216796875
87.75 18.25 -4289.5400390625
87.75 18.75 -4297.30615234375
87.75 19.25 -4303.453125
87.75 19.75 -4306.8125
87.75 20.25 -4304.42724609375
87.75 20.75 -4301.26806640625
87.75 21.25 -4299.80126953125
87.75 21.75 -4304.45849609375
87.75 22.25 -4301.44140625
87.75 22.75 -4267.52197265625
87.75 23.25 -4265.13818359375
87.75 23.75 -4281.5390625
87.75 24.25 -4300.0029296875
87.75 24.75 -4315.39453125
87.75 25.25 -4316.521484375
87.75 25.75 -4315.14990234375
87.75 26.25 -4316.4033203125
87.75 26.75 -4317.23876953125
87.75 27.25 -4316.69873046875
87.75 27.75 -4314.56298828125
87.75 28.25 -4311.2109375
87.75 28.75 -4308.904296875
87.75 29.25 -4310.927734375
87.75 29.75 -4320.64453125
87.75 30.25 -4343.931640625
87.75 30.75 -4366.86376953125
87.75 31.25 -4382.80517578125
87.75 31.75 -4377.83251953125
87.75 32.25 -4379.86474609375
87.75 32.75 -4372.00927734375
87.75 33.25 -4369.33349609375
87.75 33.75 -4366.99267578125
87.75 34.25 -4364.6767578125
87.75 34.75 -4362.0615234375
87.75 35.25 -4359.275390625
87.75 35.75 -4356.59033203125
87.75 36.25 -4354.03515625
87.75 36.75 -4351.67919921875
87.75 37.25 -4349.5263671875
87.75 37.75 -4347.45751953125
87.75 38.25 -4345.47412109375
87.75 38.75 -4343.478515625
87.75 39.25 -4341.306640625
88.25 16.25 -4307.43310546875
88.25 16.75 -4305.59814453125
88.25 17.25 -4304.314453125
88.25 17.75 -4303.0751953125
88.25 18.25 -4301.69921875
88.25 18.75 -4300.85986328125
88.25 19.25 -4300.9228515625
88.25 19.75 -4301.474609375
88.25 20.25 -4302.220703125
88.25 20.75 -4302.96337890625
88.25 21.25 -4303.623046875
88.25 21.75 -4304.17724609375
88.25 22.25 -4304.63427734375
88.25 22.75 -4304.99853515625
88.25 23.25 -4305.2802734375
88.25 23.75 -4305.4990234375
88.25 24.25 -4305.6630859375
88.25 24.75 -4305.81787109375
88.25 25.25 -4306.052734375
88.25 25.75 -4306.30126953125
88.25 26.25 -4306.5849609375
88.25 26.75 -4306.998046875
88.25 27.25 -4307.59375
88.25 27.75 -4308.3447265625
88.25 28.25 -4309.10986328125
88.25 28.75 -4309.5400390625
88.25 29.25 -4309.5
88.25 29.75 -4309.72998046875
88.25 30.25 -4310.70751953125
88.25 30.75 -4312.17041015625
88.25 31.25 -4313.4921875
88.25 31.75 -4314.59326171875
88.25 32.25 -4315.53564453125
88.25 32.75 -4316.32080078125
88.25 33.25 -4316.98681640625
88.25 33.75 -4317.54150390625
88.25 34.25 -4317.9423828125
88.25 34.75 -4318.18798828125
88.25 35.25 -4318.23974609375
88.25 35.75 -4318.0439453125
88.25 36.25 -4317.60205078125
88.25 36.75 -4316.8798828125
88.25 37.25 -4315.86767578125
88.25 37.75 -4314.61083984375
88.25 38.25 -4313.134765625
88.25 38.75 -4311.54248046875
88.25 39.25 -4309.9755859375
88.75 16.25 -4294.0185546875
88.75 16.75 -4293.849609375
88.75 17.25 -4293.71240234375
88.75 17.75 -4293.619140625
88.75 18.25 -4293.5771484375
88.75 18.75 -4293.58349609375
88.75 19.25 -4293.64013671875
88.75 19.75 -4293.7392578125
88.75 20.25 -4293.8662109375
88.75 20.75 -4294.03515625
88.75 21.25 -4294.24658203125
88.75 21.75 -4294.49755859375
88.75 22.25 -4294.7861328125
88.75 22.75 -4295.09814453125
88.75 23.25 -4295.4287109375
88.75 23.75 -4295.78955078125
88.75 24.25 -4296.212890625
88.75 24.75 -4296.58837890625
88.75 25.25 -4297.15673828125
88.75 25.75 -4297.85888671875
88.75 26.25 -4298.6005859375
88.75 26.75 -4299.345703125
88.75 27.25 -4300.02099609375
88.75 27.75 -4300.54248046875
88.75 28.25 -4300.82958984375
88.75 28.75 -4300.87353515625
88.75 29.25 -4300.8388671875
88.75 29.75 -4300.9716796875
88.75 30.25 -4301.06103515625
88.75 30.75 -4300.9892578125
88.75 31.25 -4300.794921875
88.75 31.75 -4300.564453125
88.75 32.25 -4300.34814453125
88.75 32.75 -4300.16845703125
88.75 33.25 -4300.03173828125
88.75 33.75 -4299.96240234375
88.75 34.25 -4299.9814453125
88.75 34.75 -4300.1181640625
88.75 35.25 -4300.35302734375
88.75 35.75 -4300.6181640625
88.75 36.25 -4300.86865234375
88.75 36.75 -4301.06689453125
88.75 37.25 -4301.20947265625
88.75 37.75 -4301.30078125
88.75 38.25 -4301.37451171875
88.75 38.75 -4301.4736328125
88.75 39.25 -4301.6328125
89.25 16.25 -4231.033203125
89.25 16.75 -4231.50146484375
89.25 17.25 -4231.96484375
89.25 17.75 -4232.47119140625
89.25 18.25 -4233.03173828125
89.25 18.75 -4233.64111328125
89.25 19.25 -4234.3095703125
89.25 19.75 -4235.0185546875
89.25 20.25 -4235.72998046875
89.25 20.75 -4236.50439453125
89.25 21.25 -4237.3232421875
89.25 21.75 -4238.1796875
89.25 22.25 -4239.08203125
89.25 22.75 -4239.98779296875
89.25 23.25 -4240.87158203125
89.25 23.75 -4241.76416015625
89.25 24.25 -4242.6689453125
89.25 24.75 -4243.53466796875
89.25 25.25 -4244.3359375
89.25 25.75 -4245.23291015625
89.25 26.25 -4246.3095703125
89.25 26.75 -4247.5361328125
89.25 27.25 -4248.85107421875
89.25 27.75 -4250.20068359375
89.25 28.25 -4251.5634765625
89.25 28.75 -4252.84375
89.25 29.25 -4253.94580078125
89.25 29.75 -4254.83544921875
89.25 30.25 -4255.51806640625
89.25 30.75 -4256.02587890625
89.25 31.25 -4256.34033203125
89.25 31.75 -4256.4912109375
89.25 32.25 -4256.55126953125
89.25 32.75 -4256.55908203125
89.25 33.25 -4256.533203125
89.25 33.75 -4256.49609375
89.25 34.25 -4256.42529296875
89.25 34.75 -4256.3544921875
89.25 35.25 -4256.2890625
89.25 35.75 -4256.23583984375
89.25 36.25 -4256.19580078125
89.25 36.75 -4256.1572265625
89.25 37.25 -4256.11669921875
89.25 37.75 -4256.09375
89.25 38.25 -4256.0888671875
89.25 38.75 -4256.103515625
89.25 39.25 -4256.1376953125
89.75 16.25 -4159.68701171875
89.75 16.75 -4160.94970703125
89.75 17.25 -4162.27294921875
89.75 17.75 -4163.66015625
89.75 18.25 -4165.1142578125
89.75 18.75 -4166.65185546875
89.75 19.25 -4168.24267578125
89.75 19.75 -4169.884765625
89.75 20.25 -4171.578125
89.75 20.75 -4173.29541015625
89.75 21.25 -4175.029296875
89.75 21.75 -4176.740234375
89.75 22.25 -4178.43701171875
89.75 22.75 -4180.15576171875
89.75 23.25 -4181.89990234375
89.75 23.75 -4183.638671875
89.75 24.25 -4185.33740234375
89.75 24.75 -4187.01123046875
89.75 25.25 -4188.6318359375
89.75 25.75 -4190.181640625
89.75 26.25 -4191.623046875
89.75 26.75 -4192.9638671875
89.75 27.25 -4194.21484375
89.75 27.75 -4195.328125
89.75 28.25 -4196.29052734375
89.75 28.75 -4197.09765625
89.75 29.25 -4197.79931640625
89.75 29.75 -4198.39501953125
89.75 30.25 -4198.8662109375
89.75 30.75 -4199.23681640625
89.75 31.25 -4199.5458984375
89.75 31.75 -4199.80810546875
89.75 32.25 -4200.00244140625
89.75 32.75 -4200.158203125
89.75 33.25 -4200.30517578125
89.75 33.75 -4200.4501953125
89.75 34.25 -4200.59326171875
89.75 34.75 -4200.76171875
89.75 35.25 -4200.9482421875
89.75 35.75 -4201.162109375
89.75 36.25 -4201.40283203125
89.75 36.75 -4201.6650390625
89.75 37.25 -4201.9375
89.75 37.75 -4202.22802734375
89.75 38.25 -4202.5263671875
89.75 38.75 -4202.8203125
89.75 39.25 -4203.111328125
